PACK1
1000 .5 0 0 -9.81 12 60 10 6
13
24
0.038 -5.335292611071861e-18 -0.03539395672481174
0.03290896534380866 -0.019000000000000024 -0.03539395672481174
0.019000000000000003 -0.032908965343808674 -0.03539395672481174
-6.980486755139913e-18 -0.038000000000000006 -0.03539395672481174
-0.019000000000000017 -0.03290896534380867 -0.03539395672481174
-0.032908965343808674 -0.018999999999999996 -0.03539395672481174
-0.038 -6.816347743119188e-19 -0.03539395672481174
-0.03290896534380867 0.01899999999999999 -0.03539395672481174
-0.018999999999999993 0.03290896534380866 -0.03539395672481174
2.326828918379971e-18 0.03799999999999999 -0.03539395672481174
0.019000000000000003 0.03290896534380866 -0.03539395672481174
0.03290896534380867 0.01899999999999999 -0.03539395672481174
0.038 -5.335292611071861e-18 -0.029393956724811737
0.03290896534380867 0.01899999999999999 -0.029393956724811737
0.019000000000000003 0.03290896534380866 -0.029393956724811737
2.326828918379971e-18 0.03799999999999999 -0.029393956724811737
-0.018999999999999993 0.03290896534380866 -0.029393956724811737
-0.03290896534380867 0.01899999999999999 -0.029393956724811737
-0.038 -6.816347743119188e-19 -0.029393956724811737
-0.032908965343808674 -0.018999999999999996 -0.029393956724811737
-0.019000000000000017 -0.03290896534380867 -0.029393956724811737
-6.980486755139913e-18 -0.038000000000000006 -0.029393956724811737
0.019000000000000003 -0.032908965343808674 -0.029393956724811737
0.03290896534380866 -0.019000000000000024 -0.029393956724811737
8
0.038 -5.335292611071861e-18 -0.029393956724811744
0.03290896534380867 0.01899999999999999 -0.029393956724811744
0.03723909236273086 0.021499999999999988 0.04460604327518826
0.043 -5.335292611071861e-18 0.04460604327518826
0.027712812921102038 0.01599999999999999 -0.029393956724811744
0.03204293994002423 0.01849999999999999 0.04460604327518826
0.032 -5.335292611071861e-18 -0.029393956724811744
0.037 -5.335292611071861e-18 0.04460604327518826
8
0.016000000000000004 0.027712812921102028 -0.029393956724811744
0.018500000000000003 0.03204293994002422 0.04460604327518826
0.021500000000000002 0.03723909236273085 0.04460604327518826
0.019000000000000003 0.03290896534380866 -0.029393956724811744
0.03290896534380867 0.01899999999999999 -0.029393956724811744
0.03723909236273086 0.021499999999999988 0.04460604327518826
0.027712812921102038 0.01599999999999999 -0.029393956724811744
0.03204293994002423 0.01849999999999999 0.04460604327518826
8
0.019000000000000003 0.03290896534380866 -0.029393956724811744
2.326828918379971e-18 0.03799999999999999 -0.029393956724811744
2.6329906181668093e-18 0.04299999999999999 0.04460604327518826
0.021500000000000002 0.03723909236273085 0.04460604327518826
1.959434878635765e-18 0.031999999999999994 -0.029393956724811744
2.2655965784226034e-18 0.03699999999999999 0.04460604327518826
0.016000000000000004 0.027712812921102028 -0.029393956724811744
0.018500000000000003 0.03204293994002422 0.04460604327518826
8
2.326828918379971e-18 0.03799999999999999 -0.029393956724811744
-0.018999999999999993 0.03290896534380866 -0.029393956724811744
-0.021499999999999988 0.037239092362730854 0.04460604327518826
2.6329906181668093e-18 0.04299999999999999 0.04460604327518826
1.959434878635765e-18 0.031999999999999994 -0.029393956724811744
2.2655965784226034e-18 0.03699999999999999 0.04460604327518826
-0.015999999999999993 0.02771281292110203 -0.029393956724811744
-0.018499999999999992 0.032042939940024225 0.04460604327518826
8
-0.018999999999999993 0.03290896534380866 -0.029393956724811744
-0.03290896534380867 0.01899999999999999 -0.029393956724811744
-0.03723909236273086 0.021499999999999988 0.04460604327518826
-0.021499999999999988 0.037239092362730854 0.04460604327518826
-0.015999999999999993 0.02771281292110203 -0.029393956724811744
-0.018499999999999992 0.032042939940024225 0.04460604327518826
-0.027712812921102038 0.01599999999999999 -0.029393956724811744
-0.03204293994002423 0.01849999999999999 0.04460604327518826
8
-0.03290896534380867 0.01899999999999999 -0.029393956724811744
-0.038 -6.816347743119188e-19 -0.029393956724811744
-0.043 -6.931137473824197e-20 0.04460604327518826
-0.03723909236273086 0.021499999999999988 0.04460604327518826
-0.027712812921102038 0.01599999999999999 -0.029393956724811744
-0.032 -1.4164228538003306e-18 -0.029393956724811744
-0.03204293994002423 0.01849999999999999 0.04460604327518826
-0.037 -8.040994542266538e-19 0.04460604327518826
8
-0.037 -8.040994542266538e-19 0.04460604327518826
-0.043 -6.931137473824197e-20 0.04460604327518826
-0.03723909236273087 -0.021499999999999995 0.04460604327518826
-0.03204293994002423 -0.018499999999999996 0.04460604327518826
-0.02771281292110204 -0.015999999999999997 -0.029393956724811744
-0.032908965343808674 -0.018999999999999996 -0.029393956724811744
-0.038 -6.816347743119188e-19 -0.029393956724811744
-0.032 -1.4164228538003306e-18 -0.029393956724811744
8
-0.03204293994002423 -0.018499999999999996 0.04460604327518826
-0.03723909236273087 -0.021499999999999995 0.04460604327518826
-0.02150000000000002 -0.03723909236273086 0.04460604327518826
-0.018500000000000016 -0.03204293994002423 0.04460604327518826
-0.02771281292110204 -0.015999999999999997 -0.029393956724811744
-0.032908965343808674 -0.018999999999999996 -0.029393956724811744
-0.016000000000000014 -0.027712812921102038 -0.029393956724811744
-0.019000000000000017 -0.03290896534380867 -0.029393956724811744
8
-0.018500000000000016 -0.03204293994002423 0.04460604327518826
-0.02150000000000002 -0.03723909236273086 0.04460604327518826
-7.898971854500428e-18 -0.043000000000000003 0.04460604327518826
-6.79678973526781e-18 -0.037000000000000005 0.04460604327518826
-5.8783046359072955e-18 -0.03200000000000001 -0.029393956724811744
-6.980486755139913e-18 -0.038000000000000006 -0.029393956724811744
-0.019000000000000017 -0.03290896534380867 -0.029393956724811744
-0.016000000000000014 -0.027712812921102038 -0.029393956724811744
8
-6.980486755139913e-18 -0.038000000000000006 -0.029393956724811744
0.019000000000000003 -0.032908965343808674 -0.029393956724811744
0.021500000000000002 -0.03723909236273086 0.04460604327518826
-7.898971854500428e-18 -0.043000000000000003 0.04460604327518826
-5.8783046359072955e-18 -0.03200000000000001 -0.029393956724811744
-6.79678973526781e-18 -0.037000000000000005 0.04460604327518826
0.016000000000000004 -0.02771281292110204 -0.029393956724811744
0.018500000000000003 -0.03204293994002423 0.04460604327518826
8
0.016000000000000004 -0.02771281292110204 -0.029393956724811744
0.019000000000000003 -0.032908965343808674 -0.029393956724811744
0.021500000000000002 -0.03723909236273086 0.04460604327518826
0.018500000000000003 -0.03204293994002423 0.04460604327518826
0.03290896534380866 -0.019000000000000024 -0.029393956724811744
0.03723909236273085 -0.021500000000000026 0.04460604327518826
0.027712812921102028 -0.01600000000000002 -0.029393956724811744
0.03204293994002422 -0.018500000000000023 0.04460604327518826
8
0.027712812921102028 -0.01600000000000002 -0.029393956724811744
0.03290896534380866 -0.019000000000000024 -0.029393956724811744
0.03723909236273085 -0.021500000000000026 0.04460604327518826
0.03204293994002422 -0.018500000000000023 0.04460604327518826
0.038 -1.4642608284591745e-17 -0.029393956724811744
0.043 -1.58672550837391e-17 0.04460604327518826
0.032 -1.3173032125614922e-17 -0.029393956724811744
0.037 -1.4397678924762275e-17 0.04460604327518826
13
24
0.034 3.7007181036038086e-18 -0.020632078892031037
0.029444863728670907 -0.01700000000000001 -0.020632078892031037
0.017000000000000005 -0.02944486372867091 -0.020632078892031037
-5.320878066451926e-18 -0.033999999999999996 -0.020632078892031037
-0.017000000000000015 -0.029444863728670907 -0.020632078892031037
-0.02944486372867092 -0.016999999999999987 -0.020632078892031037
-0.034 7.86451722070481e-18 -0.020632078892031037
-0.029444863728670917 0.017 -0.020632078892031037
-0.016999999999999994 0.02944486372867092 -0.020632078892031037
3.0067201677500757e-18 0.03400000000000001 -0.020632078892031037
0.017000000000000005 0.029444863728670917 -0.020632078892031037
0.029444863728670917 0.017 -0.020632078892031037
0.034 3.7007181036038086e-18 -0.014632078892031037
0.029444863728670917 0.017 -0.014632078892031037
0.017000000000000005 0.029444863728670917 -0.014632078892031037
3.0067201677500757e-18 0.03400000000000001 -0.014632078892031037
-0.016999999999999994 0.02944486372867092 -0.014632078892031037
-0.029444863728670917 0.017 -0.014632078892031037
-0.034 7.86451722070481e-18 -0.014632078892031037
-0.02944486372867092 -0.016999999999999987 -0.014632078892031037
-0.017000000000000015 -0.029444863728670907 -0.014632078892031037
-5.320878066451926e-18 -0.033999999999999996 -0.014632078892031037
0.017000000000000005 -0.02944486372867091 -0.014632078892031037
0.029444863728670907 -0.01700000000000001 -0.014632078892031037
8
0.059000000000000004 3.7007181036038086e-18 0.022367921107968966
0.065 3.7007181036038086e-18 0.022367921107968966
0.05629165124598852 0.0325 0.022367921107968966
0.05109549882328189 0.029500000000000002 0.022367921107968966
0.028000000000000004 3.7007181036038086e-18 -0.014632078892031037
0.034 3.7007181036038086e-18 -0.014632078892031037
0.024248711305964288 0.014000000000000004 -0.014632078892031037
0.029444863728670917 0.017 -0.014632078892031037
8
0.029444863728670917 0.017 -0.014632078892031037
0.017000000000000005 0.029444863728670917 -0.014632078892031037
0.03250000000000001 0.05629165124598852 0.022367921107968966
0.05629165124598852 0.0325 0.022367921107968966
0.014000000000000007 0.024248711305964288 -0.014632078892031037
0.02950000000000001 0.05109549882328189 0.022367921107968966
0.024248711305964288 0.014000000000000004 -0.014632078892031037
0.05109549882328189 0.029500000000000002 0.022367921107968966
8
0.017000000000000005 0.029444863728670917 -0.014632078892031037
3.0067201677500757e-18 0.03400000000000001 -0.014632078892031037
4.9049227064284736e-18 0.065 0.022367921107968966
0.03250000000000001 0.05629165124598852 0.022367921107968966
2.63932612800587e-18 0.028000000000000008 -0.014632078892031037
4.537528666684268e-18 0.05900000000000001 0.022367921107968966
0.014000000000000007 0.024248711305964288 -0.014632078892031037
0.02950000000000001 0.05109549882328189 0.022367921107968966
8
3.0067201677500757e-18 0.03400000000000001 -0.014632078892031037
-0.016999999999999994 0.02944486372867092 -0.014632078892031037
-0.03249999999999999 0.056291651245988526 0.022367921107968966
4.9049227064284736e-18 0.065 0.022367921107968966
2.63932612800587e-18 0.028000000000000008 -0.014632078892031037
4.537528666684268e-18 0.05900000000000001 0.022367921107968966
-0.013999999999999993 0.02424871130596429 -0.014632078892031037
-0.029499999999999988 0.0510954988232819 0.022367921107968966
8
-0.029499999999999988 0.0510954988232819 0.022367921107968966
-0.03249999999999999 0.056291651245988526 0.022367921107968966
-0.05629165124598852 0.0325 0.022367921107968966
-0.05109549882328189 0.029500000000000002 0.022367921107968966
-0.013999999999999993 0.02424871130596429 -0.014632078892031037
-0.016999999999999994 0.02944486372867092 -0.014632078892031037
-0.029444863728670917 0.017 -0.014632078892031037
-0.024248711305964288 0.014000000000000004 -0.014632078892031037
8
-0.029444863728670917 0.017 -0.014632078892031037
-0.034 7.86451722070481e-18 -0.014632078892031037
-0.065 1.1660922298061606e-17 0.022367921107968966
-0.05629165124598852 0.0325 0.022367921107968966
-0.024248711305964288 0.014000000000000004 -0.014632078892031037
-0.05109549882328189 0.029500000000000002 0.022367921107968966
-0.028000000000000004 7.129729141216398e-18 -0.014632078892031037
-0.059000000000000004 1.0926134218573193e-17 0.022367921107968966
8
-0.059000000000000004 1.0926134218573193e-17 0.022367921107968966
-0.065 1.1660922298061606e-17 0.022367921107968966
-0.056291651245988526 -0.03249999999999997 0.022367921107968966
-0.05109549882328189 -0.02949999999999998 0.022367921107968966
-0.02424871130596429 -0.013999999999999992 -0.014632078892031037
-0.02944486372867092 -0.016999999999999987 -0.014632078892031037
-0.034 7.86451722070481e-18 -0.014632078892031037
-0.028000000000000004 7.129729141216398e-18 -0.014632078892031037
8
-0.05109549882328189 -0.02949999999999998 0.022367921107968966
-0.056291651245988526 -0.03249999999999997 0.022367921107968966
-0.03250000000000003 -0.0562916512459885 0.022367921107968966
-0.02950000000000003 -0.05109549882328187 0.022367921107968966
-0.02424871130596429 -0.013999999999999992 -0.014632078892031037
-0.02944486372867092 -0.016999999999999987 -0.014632078892031037
-0.014000000000000012 -0.024248711305964277 -0.014632078892031037
-0.017000000000000015 -0.029444863728670907 -0.014632078892031037
8
-0.02950000000000003 -0.05109549882328187 0.022367921107968966
-0.03250000000000003 -0.0562916512459885 0.022367921107968966
-1.1015485682487118e-17 -0.065 0.022367921107968966
-9.9133035632545e-18 -0.059 0.022367921107968966
-4.2186959472193084e-18 -0.028 -0.014632078892031037
-5.320878066451926e-18 -0.033999999999999996 -0.014632078892031037
-0.017000000000000015 -0.029444863728670907 -0.014632078892031037
-0.014000000000000012 -0.024248711305964277 -0.014632078892031037
8
-5.320878066451926e-18 -0.033999999999999996 -0.014632078892031037
0.017000000000000005 -0.02944486372867091 -0.014632078892031037
0.03250000000000001 -0.056291651245988505 0.022367921107968966
-1.1015485682487118e-17 -0.065 0.022367921107968966
-4.2186959472193084e-18 -0.028 -0.014632078892031037
-9.9133035632545e-18 -0.059 0.022367921107968966
0.014000000000000007 -0.02424871130596428 -0.014632078892031037
0.02950000000000001 -0.051095498823281876 0.022367921107968966
8
0.017000000000000005 -0.02944486372867091 -0.014632078892031037
0.029444863728670907 -0.01700000000000001 -0.014632078892031037
0.0562916512459885 -0.03250000000000002 0.022367921107968966
0.03250000000000001 -0.056291651245988505 0.022367921107968966
0.014000000000000007 -0.02424871130596428 -0.014632078892031037
0.024248711305964277 -0.01400000000000001 -0.014632078892031037
0.02950000000000001 -0.051095498823281876 0.022367921107968966
0.05109549882328187 -0.029500000000000026 0.022367921107968966
8
0.05109549882328187 -0.029500000000000026 0.022367921107968966
0.0562916512459885 -0.03250000000000002 0.022367921107968966
0.065 -1.2219690285311784e-17 0.022367921107968966
0.059000000000000004 -1.075011412633496e-17 0.022367921107968966
0.029444863728670907 -0.01700000000000001 -0.014632078892031037
0.034 -4.626880130598193e-18 -0.014632078892031037
0.028000000000000004 -3.1573039716213704e-18 -0.014632078892031037
0.024248711305964277 -0.01400000000000001 -0.014632078892031037
3
24
0.029 1.4176366503926768e-19 -0.04887932634430177
0.025114736709748713 -0.014500000000000013 -0.04887932634430177
0.014500000000000004 -0.02511473670974872 -0.04887932634430177
-4.879447853788909e-18 -0.029 -0.04887932634430177
-0.014500000000000013 -0.025114736709748717 -0.04887932634430177
-0.025114736709748727 -0.014499999999999992 -0.04887932634430177
-0.029 3.6932393825665916e-18 -0.04887932634430177
-0.025114736709748724 0.014499999999999999 -0.04887932634430177
-0.014499999999999994 0.025114736709748724 -0.04887932634430177
2.223503581265739e-18 0.029 -0.04887932634430177
0.014500000000000004 0.02511473670974872 -0.04887932634430177
0.025114736709748724 0.014499999999999999 -0.04887932634430177
0.029 1.4176366503926768e-19 0.029120673655698235
0.025114736709748724 0.014499999999999999 0.029120673655698235
0.014500000000000004 0.02511473670974872 0.029120673655698235
2.223503581265739e-18 0.029 0.029120673655698235
-0.014499999999999994 0.025114736709748724 0.029120673655698235
-0.025114736709748724 0.014499999999999999 0.029120673655698235
-0.029 3.6932393825665916e-18 0.029120673655698235
-0.025114736709748727 -0.014499999999999992 0.029120673655698235
-0.014500000000000013 -0.025114736709748717 0.029120673655698235
-4.879447853788909e-18 -0.029 0.029120673655698235
0.014500000000000004 -0.02511473670974872 0.029120673655698235
0.025114736709748713 -0.014500000000000013 0.029120673655698235
24
0.029 1.4176366503926768e-19 0.029120673655698235
0.025114736709748713 -0.014500000000000013 0.029120673655698235
0.014500000000000004 -0.02511473670974872 0.029120673655698235
-4.879447853788909e-18 -0.029 0.029120673655698235
-0.014500000000000013 -0.025114736709748717 0.029120673655698235
-0.025114736709748727 -0.014499999999999992 0.029120673655698235
-0.029 3.6932393825665916e-18 0.029120673655698235
-0.025114736709748724 0.014499999999999999 0.029120673655698235
-0.014499999999999994 0.025114736709748724 0.029120673655698235
2.223503581265739e-18 0.029 0.029120673655698235
0.014500000000000004 0.02511473670974872 0.029120673655698235
0.025114736709748724 0.014499999999999999 0.029120673655698235
0.014 1.4176366503926768e-19 0.047120673655698234
0.012124355652982142 0.006999999999999999 0.047120673655698234
0.007000000000000003 0.01212435565298214 0.047120673655698234
1.3050184819052243e-18 0.014 0.047120673655698234
-0.006999999999999996 0.012124355652982142 0.047120673655698234
-0.012124355652982142 0.006999999999999999 0.047120673655698234
-0.014 1.8562691838455624e-18 0.047120673655698234
-0.012124355652982144 -0.006999999999999997 0.047120673655698234
-0.007000000000000005 -0.012124355652982139 0.047120673655698234
-2.1239925557073644e-18 -0.014 0.047120673655698234
0.007000000000000003 -0.01212435565298214 0.047120673655698234
0.012124355652982137 -0.007000000000000006 0.047120673655698234
24
0.014 1.4176366503926768e-19 0.07512067365569823
0.012124355652982142 0.006999999999999999 0.07512067365569823
0.007000000000000003 0.01212435565298214 0.07512067365569823
1.3050184819052243e-18 0.014 0.07512067365569823
-0.006999999999999996 0.012124355652982142 0.07512067365569823
-0.012124355652982142 0.006999999999999999 0.07512067365569823
-0.014 1.8562691838455624e-18 0.07512067365569823
-0.012124355652982144 -0.006999999999999997 0.07512067365569823
-0.007000000000000005 -0.012124355652982139 0.07512067365569823
-2.1239925557073644e-18 -0.014 0.07512067365569823
0.007000000000000003 -0.01212435565298214 0.07512067365569823
0.012124355652982137 -0.007000000000000006 0.07512067365569823
0.014 1.4176366503926768e-19 0.047120673655698234
0.012124355652982137 -0.007000000000000006 0.047120673655698234
0.007000000000000003 -0.01212435565298214 0.047120673655698234
-2.1239925557073644e-18 -0.014 0.047120673655698234
-0.007000000000000005 -0.012124355652982139 0.047120673655698234
-0.012124355652982144 -0.006999999999999997 0.047120673655698234
-0.014 1.8562691838455624e-18 0.047120673655698234
-0.012124355652982142 0.006999999999999999 0.047120673655698234
-0.006999999999999996 0.012124355652982142 0.047120673655698234
1.3050184819052243e-18 0.014 0.047120673655698234
0.007000000000000003 0.01212435565298214 0.047120673655698234
0.012124355652982142 0.006999999999999999 0.047120673655698234
1
24
0.063 2.4453479097897508e-18 0.0025
0.05455960043841964 0.03149999999999999 0.0025
0.03150000000000001 0.054559600438419634 0.0025
2.162566707118994e-18 0.063 0.0025
-0.031499999999999986 0.05455960043841964 0.0025
-0.05455960043841964 0.03149999999999999 0.0025
-0.063 1.0160622744418076e-17 0.0025
-0.05455960043841965 -0.03149999999999998 0.0025
-0.03150000000000003 -0.05455960043841963 0.0025
-1.3267982962137654e-17 -0.063 0.0025
0.03150000000000001 -0.054559600438419634 0.0025
0.05455960043841962 -0.03150000000000003 0.0025
0.03150000000000001 0.054559600438419634 -0.0025
2.162566707118994e-18 0.063 -0.0025
-0.031499999999999986 0.05455960043841964 -0.0025
0.063 2.4453479097897508e-18 -0.0025
0.05455960043841962 -0.03150000000000003 -0.0025
0.03150000000000001 -0.054559600438419634 -0.0025
-1.3267982962137654e-17 -0.063 -0.0025
-0.03150000000000003 -0.05455960043841963 -0.0025
-0.05455960043841965 -0.03149999999999998 -0.0025
-0.063 1.0160622744418076e-17 -0.0025
-0.05455960043841964 0.03149999999999999 -0.0025
0.05455960043841964 0.03149999999999999 -0.0025
1
16
0.011 -4.3944779894987816e-20 -0.055
0.00777817459305202 -0.007778174593052024 -0.055
-1.8229157090656873e-18 -0.011 -0.055
-0.007778174593052024 -0.007778174593052021 -0.055
-0.011 1.3031666991671006e-18 -0.055
-0.007778174593052021 0.007778174593052023 -0.055
8.713072490584894e-19 0.011 -0.055
0.007778174593052023 0.007778174593052021 -0.055
0.011 -4.3944779894987816e-20 0.055
0.007778174593052023 0.007778174593052021 0.055
8.713072490584894e-19 0.011 0.055
-0.007778174593052021 0.007778174593052023 0.055
-0.011 1.3031666991671006e-18 0.055
-0.007778174593052024 -0.007778174593052021 0.055
-1.8229157090656873e-18 -0.011 0.055
0.00777817459305202 -0.007778174593052024 0.055
1
16
0.0013467266619054076 -0.015206838009739359 0.0144375
-0.009646629074870667 -0.018615339366896785 0.0013125000000000003
0.008468491155602895 -0.01808319171099111 -0.006562500000000001
-0.015008944300414063 -0.00872116818105892 -0.0118125
-0.0009256208191025291 -0.007262453479122602 -0.0196875
0.007321186283175394 -0.00001535722046773829 0.0196875
-0.009013510667009868 0.008254119932435668 0.0170625
0.010577663118488151 0.01376372865204127 0.0118125
0.019700678232181898 0.0071743703169624366 -0.0013124999999999999
0.005665048336085057 0.018002683597966855 -0.009187500000000001
0.016844956482203927 -0.010722154915017688 0.006562500000000001
-0.018581426841872313 -0.003304537168626193 0.009187500000000001
-0.019053494775432896 0.00785521921422866 -0.0039375
-0.005341506951501951 0.019904985193365306 0.0039375
-0.007027345317640985 0.009999514397707611 -0.0170625
0.014907676017716538 -0.0032898010133045677 -0.0144375
4
0.4325 0 0.68 0.025 0.89 1.36
-0.4325 0 0.68 0.025 0.89 1.36
0 0.4325 0.68 0.89 0.025 1.36
0 -0.4325 0.68 0.89 0.025 1.36
0
256
0 0 -0.3 -0.3 1.52 -0.31391618008487304 -0.4466703792423926 -0.6959576511561114 -0.4664602362320362 0 0 0 0 0 0
1 0 -0.15 -0.3 1.52 0.8924010635434511 0.24552767703993394 -0.1961812066018993 0.3238046259245136 0 0 0 0 0 0
2 0 0 -0.3 1.52 0.831840945040166 0.5430026773853768 0.10913062262665407 -0.0357664886746618 0 0 0 0 0 0
3 0 0.15 -0.3 1.52 -0.7168813433949678 -0.5589934902730715 -0.0406880446263286 -0.41467083373326574 0 0 0 0 0 0
4 0 0.3 -0.3 1.52 -0.9991467617244577 -0.018560243735408 -0.012420228204841273 -0.0347419604995422 0 0 0 0 0 0
5 0 -0.3 -0.15 1.52 -0.6994432961996064 -0.48397809416839394 -0.312316057239199 0.4230874143213434 0 0 0 0 0 0
0 0 -0.15 -0.15 1.52 0.38164299223086895 0.15418647481964062 0.8916018017155379 0.18873628331978964 0 0 0 0 0 0
1 0 0 -0.15 1.52 -0.7998774714829682 -0.4898818576772873 -0.11519447294196214 0.32701992223148585 0 0 0 0 0 0
2 0 0.15 -0.15 1.52 0.03108414374263924 0.4988916651157341 0.8133831853166663 -0.2975712962131107 0 0 0 0 0 0
3 0 0.3 -0.15 1.52 0.9710637395376851 -0.053314193222890216 0.1380113637374678 -0.18747179530639693 0 0 0 0 0 0
4 0 -0.3 0 1.52 0.9951810086870259 0.06615155470483282 -0.031903418416238456 0.06496848199062114 0 0 0 0 0 0
5 0 -0.15 0 1.52 -0.20952955434528447 -0.33412591284266824 -0.6126472876856651 0.6849237483941684 0 0 0 0 0 0
0 0 0 0 1.52 -0.6104526590613376 0.46228104776485407 0.2036974131550536 0.6100419229826017 0 0 0 0 0 0
1 0 0.15 0 1.52 0.8463267030833191 -0.08948287475005205 -0.4108790730407996 -0.3269591933433272 0 0 0 0 0 0
2 0 0.3 0 1.52 -0.36580213712765625 -0.48705046560755655 -0.616906748005772 -0.4983941258574832 0 0 0 0 0 0
3 0 -0.3 0.15 1.52 0.410368393973652 -0.18579143199281672 0.872792569510746 0.18791608667800083 0 0 0 0 0 0
4 0 -0.15 0.15 1.52 0.9796240724131027 -0.08315924868277216 0.017116855650062938 0.18201161874984761 0 0 0 0 0 0
5 0 0 0.15 1.52 -0.5062478526607195 0.1758279480085897 0.8439263046377226 0.02420819522428371 0 0 0 0 0 0
0 0 0.15 0.15 1.52 -0.9057586859264075 0.2059346524836821 -0.3053024006952629 0.20972020862330273 0 0 0 0 0 0
1 0 0.3 0.15 1.52 0.8440965137519554 -0.3838716185339261 0.37366642653551757 -0.022738901383216596 0 0 0 0 0 0
2 0 -0.3 0.3 1.52 0.4416601758042728 -0.029800775798168012 -0.6210102823620235 0.646834161181215 0 0 0 0 0 0
3 0 -0.15 0.3 1.52 -0.8632919408544538 -0.3193483824067423 -0.28726688334412487 0.26499315697523274 0 0 0 0 0 0
4 0 0 0.3 1.52 0.9674746320921221 -0.023898051354492925 0.09176774345665775 -0.23452164220076557 0 0 0 0 0 0
5 0 0.15 0.3 1.52 -0.7294483680932199 -0.25469507926068474 -0.6199291630211199 -0.13683321132848433 0 0 0 0 0 0
0 0 0.3 0.3 1.52 -0.433560301766506 0.09871600919992002 0.7632805875579198 -0.4687039139126259 0 0 0 0 0 0
1 0.4 -0.3 -0.3 1.52 0.30077555577782783 -0.21412802377275011 -0.6454920138885897 0.6685980216002498 0 0 0 0 0 0
2 0.4 -0.15 -0.3 1.52 -0.102838598885645 0.7791127440287738 -0.35575193796243854 0.5058143071396473 0 0 0 0 0 0
3 0.4 0 -0.3 1.52 -0.7028477736527747 -0.23684200996799457 -0.3657790110326813 0.5622424605751614 0 0 0 0 0 0
4 0.4 0.15 -0.3 1.52 -0.1635791262386488 0.3920543054389895 0.7536523359653896 0.5015410726347974 0 0 0 0 0 0
5 0.4 0.3 -0.3 1.52 0.21099686678995178 0.37666968005643087 0.863428636434184 0.26094302848785844 0 0 0 0 0 0
0 0.4 -0.3 -0.15 1.52 0.32087006243264704 -0.5354402120198015 -0.6834678638999676 -0.3784413579442326 0 0 0 0 0 0
1 0.4 -0.15 -0.15 1.52 0.2765004392965964 -0.4783277086908418 0.8299051873552524 -0.0775080006722004 0 0 0 0 0 0
2 0.4 0 -0.15 1.52 -0.9883006295336254 -0.06445167248986766 0.10878386272366371 0.08528727213141259 0 0 0 0 0 0
3 0.4 0.15 -0.15 1.52 0.6164039171151013 0.39711628370147417 0.3056645392217508 -0.6073829579817369 0 0 0 0 0 0
4 0.4 0.3 -0.15 1.52 0.5296437502411946 -0.5110036832089508 0.4351370987333129 -0.5186602345305495 0 0 0 0 0 0
5 0.4 -0.3 0 1.52 0.8738858386045726 0.4062706188247159 -0.2523216956918275 0.08718650841366551 0 0 0 0 0 0
0 0.4 -0.15 0 1.52 -0.9999730895945351 -0.0018681460878415446 0.0057187165292646456 0.0041983804272898075 0 0 0 0 0 0
1 0.4 0 0 1.52 -0.9741652767640187 0.2256387815553587 0.007719055626282945 0.005437829138040694 0 0 0 0 0 0
2 0.4 0.15 0 1.52 -0.7841347963116309 0.2741723453809097 0.43310799566203506 0.3498279724882833 0 0 0 0 0 0
3 0.4 0.3 0 1.52 -0.9503423453526216 0.11160994354394423 -0.20552457177313072 -0.20531024701477366 0 0 0 0 0 0
4 0.4 -0.3 0.15 1.52 0.46752464485478984 -0.7804859979091541 -0.2679643380588104 -0.3169501964818104 0 0 0 0 0 0
5 0.4 -0.15 0.15 1.52 0.011236329056854974 -0.04963238920969624 -0.9156200911877121 0.3988110072002392 0 0 0 0 0 0
0 0.4 0 0.15 1.52 -0.9804704084289055 -0.03165973757771121 -0.15518024786658313 0.11659558260856777 0 0 0 0 0 0
1 0.4 0.15 0.15 1.52 0.09108336260355457 -0.47742901136190735 -0.7224714359258145 0.49173202502797475 0 0 0 0 0 0
2 0.4 0.3 0.15 1.52 -0.39728254410139174 0.13775073967057974 -0.7024459885279736 0.5742481580932516 0 0 0 0 0 0
3 0.4 -0.3 0.3 1.52 -0.8511332701207728 0.11341338829929361 -0.39100722936767907 0.33139539289224385 0 0 0 0 0 0
4 0.4 -0.15 0.3 1.52 -0.21129519717528447 -0.21147802401116522 -0.9317779119625528 -0.20596433620822832 0 0 0 0 0 0
5 0.4 0 0.3 1.52 0.19406157485490028 0.487280990337972 -0.44853896470724963 -0.7236782011083586 0 0 0 0 0 0
0 0.4 0.15 0.3 1.52 0.8905761255305691 -0.27811745965194384 -0.04642324654866853 0.35688895395009224 0 0 0 0 0 0
1 0.4 0.3 0.3 1.52 0.16429457037748116 0.8366139346597974 -0.15562345742047878 0.4988644685463456 0 0 0 0 0 0
2 0.8 -0.3 -0.3 1.52 -0.7356654158199101 0.4475938289059946 0.4905470184895839 -0.1334907597654987 0 0 0 0 0 0
3 0.8 -0.15 -0.3 1.52 -0.8436097207244512 0.23536001392078615 -0.36031834749469305 -0.3210903165857147 0 0 0 0 0 0
4 0.8 0 -0.3 1.52 -0.9598794487079532 0.24936859042454002 0.047380044075805865 0.11917164713625754 0 0 0 0 0 0
5 0.8 0.15 -0.3 1.52 0.9046242860650053 -0.4217024729166719 -0.010129421049599154 -0.06098622981085889 0 0 0 0 0 0
0 0.8 0.3 -0.3 1.52 0.10703704854477222 -0.4731355702018351 -0.8714763040021849 0.07221394609976585 0 0 0 0 0 0
1 0.8 -0.3 -0.15 1.52 0.013627526127185055 -0.5619270831787662 0.0674304722340928 -0.8243211601894885 0 0 0 0 0 0
2 0.8 -0.15 -0.15 1.52 -0.42148272197511727 -0.14091651599842497 -0.4805920779737021 -0.7559934557813517 0 0 0 0 0 0
3 0.8 0 -0.15 1.52 0.9439022952582807 -0.32501991995390445 0.003025485906504043 0.05832113745749874 0 0 0 0 0 0
4 0.8 0.15 -0.15 1.52 0.9994267690476627 -0.017704917977698447 -0.026486736564727106 0.011450850470756821 0 0 0 0 0 0
5 0.8 0.3 -0.15 1.52 -0.9588168154656947 0.263322434152217 -0.047330875244467815 0.09534882432923726 0 0 0 0 0 0
0 0.8 -0.3 0 1.52 -0.9424289148503198 0.15265906022720335 -0.12601567949045042 0.26952365444828025 0 0 0 0 0 0
1 0.8 -0.15 0 1.52 0.4022230583999478 0.6507513830521808 0.1644903130795681 -0.6226412977389563 0 0 0 0 0 0
2 0.8 0 0 1.52 0.1027266024360229 0.9158175508971604 0.22495437713237856 0.3164190051650849 0 0 0 0 0 0
3 0.8 0.15 0 1.52 0.23207560533812044 -0.3367863559044658 0.6005961669550193 0.6870226401818751 0 0 0 0 0 0
4 0.8 0.3 0 1.52 0.055883564321701856 0.2784824941339441 -0.1538858891211646 -0.9463845205988043 0 0 0 0 0 0
5 0.8 -0.3 0.15 1.52 0.06456197650868159 -0.07551246764980672 0.9945153290947171 0.03269370909450586 0 0 0 0 0 0
0 0.8 -0.15 0.15 1.52 -0.5882612803289582 0.4071924733622819 -0.45632795396392 0.5290630908823112 0 0 0 0 0 0
1 0.8 0 0.15 1.52 0.6623378296144979 -0.07029230449598627 0.5135895884963132 -0.5409189643360525 0 0 0 0 0 0
2 0.8 0.15 0.15 1.52 -0.5760817117687107 0.3995302508682302 -0.6968243958943181 -0.15146353123217388 0 0 0 0 0 0
3 0.8 0.3 0.15 1.52 0.38598869561176785 -0.033368779900721686 0.07482646118047297 -0.9188581240295318 0 0 0 0 0 0
4 0.8 -0.3 0.3 1.52 0.7704067910497485 0.30587530540772107 0.4757708398442436 -0.2942036400183821 0 0 0 0 0 0
5 0.8 -0.15 0.3 1.52 -0.13276602088157843 -0.6384911448790809 -0.1816201646323428 -0.7360138296317491 0 0 0 0 0 0
0 0.8 0 0.3 1.52 0.8397321688573901 -0.48104229435339496 -0.24571697251669086 -0.05541989756862914 0 0 0 0 0 0
1 0.8 0.15 0.3 1.52 0.7439333617940511 -0.3417563652933779 0.5063058829751033 0.2709614231879915 0 0 0 0 0 0
2 0.8 0.3 0.3 1.52 -0.28930837386996117 -0.8257634412452152 -0.3210948703049065 -0.36237203006779406 0 0 0 0 0 0
3 1.2000000000000002 -0.3 -0.3 1.52 -0.6180994433924073 0.6095189273780665 -0.4106347507988171 -0.27896031381234343 0 0 0 0 0 0
4 1.2000000000000002 -0.15 -0.3 1.52 0.7363592259187678 -0.38429571994338024 -0.4551822328618452 -0.320781896191816 0 0 0 0 0 0
5 1.2000000000000002 0 -0.3 1.52 -0.992496139396281 0.11565598337795742 -0.007386072870359121 0.038994265218227034 0 0 0 0 0 0
0 1.2000000000000002 0.15 -0.3 1.52 -0.9900520355468707 0.0654884480296001 0.10151206527729653 0.07213550226698388 0 0 0 0 0 0
1 1.2000000000000002 0.3 -0.3 1.52 0.029190013844945885 -0.37688095731615634 0.7805396684633656 -0.497861941766278 0 0 0 0 0 0
2 1.2000000000000002 -0.3 -0.15 1.52 0.9686855876252775 -0.035347171188753856 -0.15060472347626147 -0.19420872040838608 0 0 0 0 0 0
3 1.2000000000000002 -0.15 -0.15 1.52 0.8139260720413157 -0.3313278373746749 0.027722102821798256 -0.47642176529536684 0 0 0 0 0 0
4 1.2000000000000002 0 -0.15 1.52 -0.2756437621414798 -0.6202908874041024 -0.06343802516125094 0.7315978050538172 0 0 0 0 0 0
5 1.2000000000000002 0.15 -0.15 1.52 0.22563073738256118 -0.6219987680708461 -0.5261189239951737 -0.5342351361345603 0 0 0 0 0 0
0 1.2000000000000002 0.3 -0.15 1.52 -0.5779424505111306 0.35409621843151484 0.6765442611624812 -0.2878997302496179 0 0 0 0 0 0
1 1.2000000000000002 -0.3 0 1.52 -0.7180203164272839 0.5575476942166109 -0.41615533764260726 -0.020053149951343312 0 0 0 0 0 0
2 1.2000000000000002 -0.15 0 1.52 -0.8740241041353708 0.2610104540644118 0.3151024063273606 -0.26204175580651096 0 0 0 0 0 0
3 1.2000000000000002 0 0 1.52 0.9615023105177254 0.18164773354224747 -0.20276774964802005 0.03745193547359328 0 0 0 0 0 0
4 1.2000000000000002 0.15 0 1.52 -0.8896386596214073 -0.23362329155606124 0.05709757818061135 -0.38820494524857135 0 0 0 0 0 0
5 1.2000000000000002 0.3 0 1.52 0.7306983009661491 -0.18828001783466625 -0.4501867927450201 -0.47745416480256303 0 0 0 0 0 0
0 1.2000000000000002 -0.3 0.15 1.52 0.6624248742682528 0.018497402309727875 0.2081594718615744 0.7193891619511598 0 0 0 0 0 0
1 1.2000000000000002 -0.15 0.15 1.52 -0.053194343638146936 0.3248026097776383 -0.9364714452082605 -0.12122235270812905 0 0 0 0 0 0
2 1.2000000000000002 0 0.15 1.52 0.5605609539023695 -0.12314077376864398 0.7037406365546819 -0.41875635309489495 0 0 0 0 0 0
3 1.2000000000000002 0.15 0.15 1.52 -0.7270967629459302 0.502486865575333 -0.17493607599842803 -0.43386013478089847 0 0 0 0 0 0
4 1.2000000000000002 0.3 0.15 1.52 0.9518505652422419 0.07009897970681173 -0.27209462966508813 0.12260157829125669 0 0 0 0 0 0
5 1.2000000000000002 -0.3 0.3 1.52 -0.9720736128814026 -0.13505115755483144 0.1389784461545027 0.13235961426083506 0 0 0 0 0 0
0 1.2000000000000002 -0.15 0.3 1.52 0.7269354170319493 0.5517238043801428 -0.19602763102898965 0.35880204990781517 0 0 0 0 0 0
1 1.2000000000000002 0 0.3 1.52 0.9645505378503509 -0.2532178837683746 -0.012788259052308171 -0.07320808495566435 0 0 0 0 0 0
2 1.2000000000000002 0.15 0.3 1.52 -0.12482476238288294 0.39460877364806046 0.15283952078064214 -0.8974089231468418 0 0 0 0 0 0
3 1.2000000000000002 0.3 0.3 1.52 -0.6121711858534438 0.10439089218171396 -0.40334572671776175 -0.6720574421720326 0 0 0 0 0 0
4 1.6 -0.3 -0.3 1.52 0.6536182662209329 -0.7018013269586816 0.0885299541488349 -0.2691105846297779 0 0 0 0 0 0
5 1.6 -0.15 -0.3 1.52 0.30805001260031517 -0.5353471011061484 -0.6216791602110322 0.48168837730787595 0 0 0 0 0 0
0 1.6 0 -0.3 1.52 0.22466275722278986 0.5963106850584033 0.6102435877103635 0.4706835200648262 0 0 0 0 0 0
1 1.6 0.15 -0.3 1.52 0.2687193770570969 -0.8688223169458902 0.3509413722390387 0.22310946017997857 0 0 0 0 0 0
2 1.6 0.3 -0.3 1.52 -0.8379330754056017 0.14369062509026673 0.2822642741657114 -0.4444637723506637 0 0 0 0 0 0
3 1.6 -0.3 -0.15 1.52 0.825853438040948 -0.25836975181137267 -0.3366479088959695 0.37132109509270667 0 0 0 0 0 0
4 1.6 -0.15 -0.15 1.52 0.8469887894373324 -0.4018739808780987 0.15976916618006495 0.30916194396917385 0 0 0 0 0 0
5 1.6 0 -0.15 1.52 -0.8984633506557987 -0.2831414560036225 0.16601155040595275 -0.29160707905041633 0 0 0 0 0 0
0 1.6 0.15 -0.15 1.52 -0.07345242280565624 -0.33151832617108085 -0.37670947009145067 0.8618528390277093 0 0 0 0 0 0
1 1.6 0.3 -0.15 1.52 0.3174516500102084 -0.6585143408951576 0.6058771578264275 0.3138410144729058 0 0 0 0 0 0
2 1.6 -0.3 0 1.52 -0.5621969305565172 -0.6665568026452521 -0.014730703410800117 -0.48930526923097 0 0 0 0 0 0
3 1.6 -0.15 0 1.52 -0.568517741773819 0.6098965157160122 -0.5496269019988128 0.0521927773264936 0 0 0 0 0 0
4 1.6 0 0 1.52 0.5641608742834164 0.5213883502553273 0.0038935388860528684 0.6402042927853125 0 0 0 0 0 0
5 1.6 0.15 0 1.52 -0.9232151997319331 -0.36390145230439525 -0.10428138785915575 -0.06614242315524219 0 0 0 0 0 0
0 1.6 0.3 0 1.52 0.5690035612281988 0.08512446289849393 -0.8045692947251221 -0.1471632532644959 0 0 0 0 0 0
1 1.6 -0.3 0.15 1.52 -0.8028122940616349 -0.05000531827868119 0.32784163552004236 0.49549142340396435 0 0 0 0 0 0
2 1.6 -0.15 0.15 1.52 0.08782448834247121 -0.2356849975294154 -0.9628560670764177 0.09822237668207617 0 0 0 0 0 0
3 1.6 0 0.15 1.52 0.35881865780297867 -0.13828863691993665 0.5232021609773679 0.7605162210366766 0 0 0 0 0 0
4 1.6 0.15 0.15 1.52 0.09954420164870108 0.16822193976818287 -0.8926157474333734 -0.406238179314442 0 0 0 0 0 0
5 1.6 0.3 0.15 1.52 0.9741780863394539 0.21364981308695208 0.062033558703930174 0.03850520819883982 0 0 0 0 0 0
0 1.6 -0.3 0.3 1.52 0.9754293413544083 -0.05621432944551165 -0.2126412652918839 0.012698089815536157 0 0 0 0 0 0
1 1.6 -0.15 0.3 1.52 0.9909437758442649 -0.11355795039028588 -0.044854770603334294 -0.05588447523947089 0 0 0 0 0 0
2 1.6 0 0.3 1.52 0.4096997996411385 -0.3643089550955628 0.5670738532970689 0.6146969206999532 0 0 0 0 0 0
3 1.6 0.15 0.3 1.52 -0.9908740435666912 0.059041246737300074 -0.07698882140317781 -0.09357073446569641 0 0 0 0 0 0
4 1.6 0.3 0.3 1.52 0.5795365350418129 0.3757513499399558 -0.01967269539414015 -0.7228840243261431 0 0 0 0 0 0
5 2 -0.3 -0.3 1.52 0.9999743653127648 -0.006676234785771961 -0.000576914713763592 0.0025226525387978017 0 0 0 0 0 0
0 2 -0.15 -0.3 1.52 -0.02490835258053756 -0.8548566804078609 -0.3395861359914222 0.39151102944386035 0 0 0 0 0 0
1 2 0 -0.3 1.52 -0.9938290010228563 -0.05517407646750866 -0.08906768076017628 -0.03642370458742979 0 0 0 0 0 0
2 2 0.15 -0.3 1.52 -0.6410586485307819 -0.20448804881183677 0.1840142190925887 -0.7164964858314101 0 0 0 0 0 0
3 2 0.3 -0.3 1.52 -0.3723750734037693 -0.10676954735151988 0.29996613779874637 0.8717553467802722 0 0 0 0 0 0
4 2 -0.3 -0.15 1.52 -0.07835131641013758 -0.41588984698503606 -0.6373725888921535 -0.6439354698418746 0 0 0 0 0 0
5 2 -0.15 -0.15 1.52 0.20796070197096253 -0.4248392283047558 -0.8287112346809032 0.2991682905035511 0 0 0 0 0 0
0 2 0 -0.15 1.52 0.9831604044592889 -0.08391020097004005 -0.15994455723511122 -0.02779273083882273 0 0 0 0 0 0
1 2 0.15 -0.15 1.52 0.677076114658445 -0.6165646962678804 0.23377602828460903 0.3267486478542712 0 0 0 0 0 0
2 2 0.3 -0.15 1.52 -0.3472357644050504 -0.4697149765757206 0.16665178382025295 0.7943691507404088 0 0 0 0 0 0
3 2 -0.3 0 1.52 0.25669287527458906 0.4869738232585677 -0.759373654698054 -0.3468672884472075 0 0 0 0 0 0
4 2 -0.15 0 1.52 -0.5013137829898923 0.309676602762806 -0.41763233032758657 -0.6916416191574942 0 0 0 0 0 0
5 2 0 0 1.52 -0.22923574317536283 0.5050953491873886 -0.44942847416925463 0.7002454633098344 0 0 0 0 0 0
0 2 0.15 0 1.52 -0.042032069620798904 -0.350640319827984 -0.3993318240207431 0.8460607339657051 0 0 0 0 0 0
1 2 0.3 0 1.52 -0.2780219562501877 0.4678474443500416 -0.4904674733982121 0.6806351579196652 0 0 0 0 0 0
2 2 -0.3 0.15 1.52 -0.8145363877675805 0.3760976509133923 0.2098112236420847 -0.38866474037887827 0 0 0 0 0 0
3 2 -0.15 0.15 1.52 -0.9758644401622071 0.19988626332715248 -0.06058457174117477 0.06374626127820276 0 0 0 0 0 0
4 2 0 0.15 1.52 -0.8155424172901232 -0.43338732918033684 0.2911948716420773 -0.24954265213760757 0 0 0 0 0 0
5 2 0.15 0.15 1.52 0.9759108101558504 0.01689122269797935 0.1807656157005074 0.12098169033839568 0 0 0 0 0 0
0 2 0.3 0.15 1.52 -0.735853289972421 0.16357534173152552 -0.4384800972474173 0.4893855816552774 0 0 0 0 0 0
1 2 -0.3 0.3 1.52 0.6250646300842131 0.5505453227276107 0.47834872157924413 0.2781664185410232 0 0 0 0 0 0
2 2 -0.15 0.3 1.52 -0.9677384540384913 0.03611509855508727 0.24130275969447845 -0.06285668139009487 0 0 0 0 0 0
3 2 0 0.3 1.52 0.9772833348123336 0.16608519290741972 0.12774159632369966 -0.03186026935953872 0 0 0 0 0 0
4 2 0.15 0.3 1.52 -0.5135106824665703 -0.7352295161678024 0.38250554083590005 -0.22233724109606992 0 0 0 0 0 0
5 2 0.3 0.3 1.52 -0.6656761969518792 -0.4340211609143749 0.4767153220142058 0.3758235416350517 0 0 0 0 0 0
0 2.4000000000000004 -0.3 -0.3 1.52 -0.7656450622029398 -0.2661645533366779 0.4960665435139242 -0.3112266917818765 0 0 0 0 0 0
1 2.4000000000000004 -0.15 -0.3 1.52 0.9834474429580555 -0.14654427459084612 -0.07396456799080092 0.07671470006354096 0 0 0 0 0 0
2 2.4000000000000004 0 -0.3 1.52 0.9231327118899271 0.23704200295786385 0.12531477232292154 0.2755599624584953 0 0 0 0 0 0
3 2.4000000000000004 0.15 -0.3 1.52 0.27755915528912967 0.8603592742630343 -0.15313193710022927 -0.3991158282312308 0 0 0 0 0 0
4 2.4000000000000004 0.3 -0.3 1.52 0.9280981970422508 -0.35488232825338617 -0.09875480247746536 0.05421954193845626 0 0 0 0 0 0
5 2.4000000000000004 -0.3 -0.15 1.52 0.8916177461382249 -0.2953916639460218 -0.19000580434253272 -0.28576100846466035 0 0 0 0 0 0
0 2.4000000000000004 -0.15 -0.15 1.52 -0.1893324952268846 0.03892228594608081 0.0606263673301874 0.9792664119085462 0 0 0 0 0 0
1 2.4000000000000004 0 -0.15 1.52 0.9938918452090238 -0.06142004628319897 0.03929053269636545 -0.0828422113539183 0 0 0 0 0 0
2 2.4000000000000004 0.15 -0.15 1.52 0.8266351225098236 -0.22143767781880147 0.517032375273001 -0.017811569132003605 0 0 0 0 0 0
3 2.4000000000000004 0.3 -0.15 1.52 -0.8449379929256193 -0.07722964113020064 0.3576381651501784 -0.3901414018913402 0 0 0 0 0 0
4 2.4000000000000004 -0.3 0 1.52 -0.7251277312073443 -0.1314438556060656 0.26565973092533446 -0.6215602896116998 0 0 0 0 0 0
5 2.4000000000000004 -0.15 0 1.52 0.9483099575193692 0.09190289453479221 -0.25878814149642143 -0.1590307525812768 0 0 0 0 0 0
0 2.4000000000000004 0 0 1.52 0.17611069904130316 -0.21400288467620118 0.3218646078893002 0.9053126317586181 0 0 0 0 0 0
1 2.4000000000000004 0.15 0 1.52 0.36003194497932783 0.755973706967526 -0.534557026829679 -0.11458419627153342 0 0 0 0 0 0
2 2.4000000000000004 0.3 0 1.52 0.07912700985998986 -0.9810351227680418 -0.12742677648861453 0.12276571524587318 0 0 0 0 0 0
3 2.4000000000000004 -0.3 0.15 1.52 0.8532186643167944 0.05088804998514896 0.336007115379642 -0.3956356096769176 0 0 0 0 0 0
4 2.4000000000000004 -0.15 0.15 1.52 0.8643453936805179 0.49924356874047715 -0.04130665348680902 0.044234148259728795 0 0 0 0 0 0
5 2.4000000000000004 0 0.15 1.52 -0.25219558756955174 0.22750951188976254 -0.5802855698844592 -0.7402063664911287 0 0 0 0 0 0
0 2.4000000000000004 0.15 0.15 1.52 -0.6095748939880845 0.2611330230126806 -0.4785384209337882 -0.5755249539349888 0 0 0 0 0 0
1 2.4000000000000004 0.3 0.15 1.52 0.5704744702117714 -0.6083995390976339 0.22933101240185796 0.5018128798796663 0 0 0 0 0 0
2 2.4000000000000004 -0.3 0.3 1.52 0.8504164060784445 0.03998162788074832 0.47128884975328755 0.23039146208757563 0 0 0 0 0 0
3 2.4000000000000004 -0.15 0.3 1.52 -0.990231839282734 -0.09740069372235319 -0.04399854821766367 -0.08954405110266145 0 0 0 0 0 0
4 2.4000000000000004 0 0.3 1.52 0.9135681676676352 0.2131691143104428 -0.1540651391255427 0.3101871445349213 0 0 0 0 0 0
5 2.4000000000000004 0.15 0.3 1.52 -0.9807133362693838 0.05451073069749646 0.18457977299382938 -0.03406229152223629 0 0 0 0 0 0
0 2.4000000000000004 0.3 0.3 1.52 0.37102869765977853 0.3229979134610305 0.5773864864966138 -0.6516401603828642 0 0 0 0 0 0
1 2.8000000000000003 -0.3 -0.3 1.52 -0.8092971903588712 -0.3432586162444973 0.18433738756063014 0.4395808317004644 0 0 0 0 0 0
2 2.8000000000000003 -0.15 -0.3 1.52 -0.4061866942196672 0.8533908015307886 -0.17182590676174164 -0.2778711339218997 0 0 0 0 0 0
3 2.8000000000000003 0 -0.3 1.52 0.3128900409159566 -0.7516815396352188 -0.49757423051893407 -0.2991564313043074 0 0 0 0 0 0
4 2.8000000000000003 0.15 -0.3 1.52 -0.48277585433529735 0.6384764366205428 -0.4591158471213846 0.3853413464360804 0 0 0 0 0 0
5 2.8000000000000003 0.3 -0.3 1.52 -0.7240123573385491 -0.10950971035078802 -0.6346383339248436 0.2470787624889326 0 0 0 0 0 0
0 2.8000000000000003 -0.3 -0.15 1.52 0.7995096992189901 0.1942914778150767 0.13685051627014014 0.5516402801643383 0 0 0 0 0 0
1 2.8000000000000003 -0.15 -0.15 1.52 -0.8916086582567965 0.2931192038702904 -0.1712065807819298 0.29967222016884176 0 0 0 0 0 0
2 2.8000000000000003 0 -0.15 1.52 0.8801090660984631 -0.409356509723126 -0.0070545820847498246 0.2403861738748736 0 0 0 0 0 0
3 2.8000000000000003 0.15 -0.15 1.52 -0.3548796154121672 0.20969730682268056 0.6870101906411891 -0.5984183286225314 0 0 0 0 0 0
4 2.8000000000000003 0.3 -0.15 1.52 0.1700719288617204 0.8266371253988771 -0.4577645850124701 -0.27963938677142053 0 0 0 0 0 0
5 2.8000000000000003 -0.3 0 1.52 0.662675805644214 -0.5787466904561459 -0.153477231976415 -0.4498419546515284 0 0 0 0 0 0
0 2.8000000000000003 -0.15 0 1.52 -0.35453778782504813 -0.29556618947619195 0.33387048021527854 -0.8218723058258286 0 0 0 0 0 0
1 2.8000000000000003 0 0 1.52 -0.7893182504717096 0.2129120553556571 0.35125846400750804 0.4563580256986782 0 0 0 0 0 0
2 2.8000000000000003 0.15 0 1.52 0.49412788722878676 -0.3714355846627835 -0.573624491009753 0.5374273726028787 0 0 0 0 0 0
3 2.8000000000000003 0.3 0 1.52 0.5661055406189952 0.5609849627426287 -0.3833692605844547 0.4667423255888149 0 0 0 0 0 0
4 2.8000000000000003 -0.3 0.15 1.52 -0.8794432575416169 0.2186122480395689 -0.018373618295371093 0.4224341983343812 0 0 0 0 0 0
5 2.8000000000000003 -0.15 0.15 1.52 -0.701642208832894 -0.31668091271883575 -0.6163593914413739 -0.16586895696809 0 0 0 0 0 0
0 2.8000000000000003 0 0.15 1.52 0.8036825696597182 -0.48175505337948327 -0.33869135999457345 0.08540818715737863 0 0 0 0 0 0
1 2.8000000000000003 0.15 0.15 1.52 -0.2978494114820161 -0.7959244404663185 -0.43094857372382356 -0.3034358910109297 0 0 0 0 0 0
2 2.8000000000000003 0.3 0.15 1.52 -0.07256893965323931 -0.23552204537925936 -0.15647778051739866 -0.9564401807443703 0 0 0 0 0 0
3 2.8000000000000003 -0.3 0.3 1.52 0.4461814198947539 0.5575569267846175 0.6996536503206889 -0.023177220025899347 0 0 0 0 0 0
4 2.8000000000000003 -0.15 0.3 1.52 -0.2704544657448677 -0.5734604864082651 -0.7501242242073434 -0.18791248160882149 0 0 0 0 0 0
5 2.8000000000000003 0 0.3 1.52 0.9996345976524644 -0.014204409478160774 0.017716342692216225 -0.014664144338633533 0 0 0 0 0 0
0 2.8000000000000003 0.15 0.3 1.52 0.5603285637870216 0.08218519499591803 -0.0010331997908215051 0.824182277670449 0 0 0 0 0 0
1 2.8000000000000003 0.3 0.3 1.52 -0.42076206051433307 -0.1920461756077784 -0.8849453278079575 0.05430765744373127 0 0 0 0 0 0
2 3.2 -0.3 -0.3 1.52 0.4469790066168181 0.07226247887355478 -0.8841885226628688 -0.11488497805259389 0 0 0 0 0 0
3 3.2 -0.15 -0.3 1.52 -0.9978886765168726 0.04345348487565926 -0.04475574290996965 0.01808058096803903 0 0 0 0 0 0
4 3.2 0 -0.3 1.52 0.580526953078857 -0.5532000856349345 -0.5681358637033227 -0.18487769572492843 0 0 0 0 0 0
5 3.2 0.15 -0.3 1.52 -0.4602885606289229 0.5462601558239154 0.5280613827122462 0.45922266843157544 0 0 0 0 0 0
0 3.2 0.3 -0.3 1.52 0.058338992685735926 -0.36676183151434244 -0.7600403423130556 0.5333113527136957 0 0 0 0 0 0
1 3.2 -0.3 -0.15 1.52 0.11717732849595346 -0.9528864212697429 -0.2763593634787244 0.04361701576137068 0 0 0 0 0 0
2 3.2 -0.15 -0.15 1.52 -0.9983353208972432 -0.008806884077795573 0.02398329216251567 -0.051709066312264663 0 0 0 0 0 0
3 3.2 0 -0.15 1.52 0.5793400758995448 0.4675368286582195 0.6450022041030105 0.1724718730900284 0 0 0 0 0 0
4 3.2 0.15 -0.15 1.52 -0.2590891572720129 -0.5495962357203802 0.7073860310004937 0.3611395705422423 0 0 0 0 0 0
5 3.2 0.3 -0.15 1.52 -0.8049766184399243 0.042582708856610425 -0.4433798963206213 0.39193573989899533 0 0 0 0 0 0
0 3.2 -0.3 0 1.52 0.4234172057986285 -0.1729340472127492 -0.7570819356212023 0.46651755369370007 0 0 0 0 0 0
1 3.2 -0.15 0 1.52 -0.8374206860158326 0.2680902786899618 0.1139802138520235 -0.46245292512315006 0 0 0 0 0 0
2 3.2 0 0 1.52 -0.39847501089385934 0.375000942839598 0.7714560812510606 0.3247267670878217 0 0 0 0 0 0
3 3.2 0.15 0 1.52 0.7925359629372752 -0.3608363087630677 0.4820005565967071 0.09674383272226965 0 0 0 0 0 0
4 3.2 0.3 0 1.52 -0.1609920184546006 0.32045435398263117 0.6381257316082578 -0.6813120633504988 0 0 0 0 0 0
5 3.2 -0.3 0.15 1.52 0.992775613392139 0.09753116078435417 0.03383515078589133 0.06115093377222084 0 0 0 0 0 0
0 3.2 -0.15 0.15 1.52 0.9480459530433494 -0.18005117837491794 -0.26222919197001976 0.005127861414017089 0 0 0 0 0 0
1 3.2 0 0.15 1.52 0.4524971929997473 0.31109174437804793 0.8354467139449983 0.02229361042265508 0 0 0 0 0 0
2 3.2 0.15 0.15 1.52 -0.2400083757386476 0.9232733556403405 -0.12206243990655347 0.2739763696087322 0 0 0 0 0 0
3 3.2 0.3 0.15 1.52 -0.039313067113127084 0.5615725671318389 0.655648852282585 -0.503205044787554 0 0 0 0 0 0
4 3.2 -0.3 0.3 1.52 0.5634597491360926 0.8239355701919097 -0.05636374100949614 -0.021596665840789387 0 0 0 0 0 0
5 3.2 -0.15 0.3 1.52 0.7957302315131887 0.432643239748706 -0.15179498845956516 -0.39571644802089223 0 0 0 0 0 0
0 3.2 0 0.3 1.52 0.9286633038132267 0.15099389513296352 0.3302615838663126 0.07558173063242699 0 0 0 0 0 0
1 3.2 0.15 0.3 1.52 0.7668503883493297 -0.45437841189372646 0.43156617547473447 0.1386772399477577 0 0 0 0 0 0
2 3.2 0.3 0.3 1.52 0.4419310283557055 0.3595418406470523 -0.6040192562327045 0.5573036596871483 0 0 0 0 0 0
3 3.6 -0.3 -0.3 1.52 -0.7983272181484471 0.08044752306505074 0.08402777369856046 0.5908816988563138 0 0 0 0 0 0
4 3.6 -0.15 -0.3 1.52 -0.9849698805507631 0.0862216032145461 -0.09703262902462316 -0.11395103532438261 0 0 0 0 0 0
5 3.6 0 -0.3 1.52 -0.34291995856442925 -0.3167628267692264 0.7388198274097432 0.4860169505496454 0 0 0 0 0 0
0 3.6 0.15 -0.3 1.52 -0.8026755940910084 -0.3125561814771723 -0.2088142844402891 -0.46305196110668356 0 0 0 0 0 0
1 3.6 0.3 -0.3 1.52 -0.4281194746344063 -0.43061554034568655 -0.3942182054593898 -0.6898376463603091 0 0 0 0 0 0
2 3.6 -0.3 -0.15 1.52 0.9995922951131997 -0.017007489885580138 0.02286277691246864 0.0018117036094714547 0 0 0 0 0 0
3 3.6 -0.15 -0.15 1.52 0.3035026050286921 0.6689777403198662 0.01817285554890152 -0.6782512064261457 0 0 0 0 0 0
4 3.6 0 -0.15 1.52 0.2633027705380239 -0.43258031032161287 -0.841880498658848 -0.1865024185553298 0 0 0 0 0 0
5 3.6 0.15 -0.15 1.52 0.1016418018908035 -0.829936346605637 -0.03943048298112718 -0.5471013084458435 0 0 0 0 0 0
0 3.6 0.3 -0.15 1.52 -0.9884668895892385 0.08983485628495146 -0.11935747914949271 -0.024833424111807032 0 0 0 0 0 0
1 3.6 -0.3 0 1.52 0.5487737689795076 0.20213895806764867 -0.17212373363291186 -0.7926920035118418 0 0 0 0 0 0
2 3.6 -0.15 0 1.52 0.9702979875380591 0.132947431550593 -0.05482136279719575 -0.19452869712397522 0 0 0 0 0 0
3 3.6 0 0 1.52 0.8775709494128048 0.4293274179416296 0.19010436661975919 -0.09699240559127215 0 0 0 0 0 0
4 3.6 0.15 0 1.52 0.9868082982980328 0.09422359767463556 0.13149174068803623 -0.006420138800629437 0 0 0 0 0 0
5 3.6 0.3 0 1.52 0.03709628744937513 -0.18384762759570322 0.7686688639129219 0.6115325771663542 0 0 0 0 0 0
0 3.6 -0.3 0.15 1.52 -0.7636415232941768 -0.5383240363099295 -0.05304399583531851 0.3524843121867379 0 0 0 0 0 0
1 3.6 -0.15 0.15 1.52 0.2783959993717184 0.779274356683138 -0.511782196624265 0.23088119838641155 0 0 0 0 0 0
2 3.6 0 0.15 1.52 0.19478853166228166 -0.5332952314536001 0.766098984969468 -0.30124071648841566 0 0 0 0 0 0
3 3.6 0.15 0.15 1.52 0.5838027709273634 0.2921909793727647 0.6315296214230172 0.41829307129812426 0 0 0 0 0 0
4 3.6 0.3 0.15 1.52 -0.8265631015868347 -0.39478192318147903 0.2926319652409042 -0.2744215828675491 0 0 0 0 0 0
5 3.6 -0.3 0.3 1.52 0.989875009797179 -0.005951560039899653 -0.07912591698967378 0.1176908372502699 0 0 0 0 0 0
0 3.6 -0.15 0.3 1.52 -0.7992536682498119 -0.3869131613948676 0.23856346919902538 -0.39316567817190545 0 0 0 0 0 0
1 3.6 0 0.3 1.52 0.9984961194841707 0.017118700152118017 -0.006038727242913314 0.0517299067604052 0 0 0 0 0 0
2 3.6 0.15 0.3 1.52 -0.47844766821210977 -0.5469553393771402 -0.2527023201649148 0.6388029609296605 0 0 0 0 0 0
3 3.6 0.3 0.3 1.52 0.9321818104253179 0.23961228320684871 -0.12977607333975077 -0.238288054331503 0 0 0 0 0 0
4 4 -0.3 -0.3 1.52 0.9924337365673517 -0.007524136758046645 0.11218139319795467 -0.04933559474838249 0 0 0 0 0 0
5 4 -0.15 -0.3 1.52 -0.5494518090405928 -0.02403803472371285 -0.47747749591579736 -0.6852299784179187 0 0 0 0 0 0
0 4 0 -0.3 1.52 -0.8335804208326423 -0.24383989237174378 0.35495642196233745 0.3459649222107734 0 0 0 0 0 0
1 4 0.15 -0.3 1.52 -0.8846349680642149 -0.37698828352442054 -0.16288245924540715 0.22083956129621543 0 0 0 0 0 0
2 4 0.3 -0.3 1.52 -0.8469075134684506 -0.2181676436583896 -0.38578575485428135 0.29380247487511807 0 0 0 0 0 0
3 4 -0.3 -0.15 1.52 -0.35484609833586644 0.6431517046569686 0.6326928072036464 -0.24523446537022003 0 0 0 0 0 0
