PACK1
1000 .5 0 0 -9.81 10.8 60 10 6
13
24
0.038 -5.335292611071861e-18 -0.03539395672481174
0.03290896534380866 -0.019000000000000024 -0.03539395672481174
0.019000000000000003 -0.032908965343808674 -0.03539395672481174
-6.980486755139913e-18 -0.038000000000000006 -0.03539395672481174
-0.019000000000000017 -0.03290896534380867 -0.03539395672481174
-0.032908965343808674 -0.018999999999999996 -0.03539395672481174
-0.038 -6.816347743119188e-19 -0.03539395672481174
-0.03290896534380867 0.01899999999999999 -0.03539395672481174
-0.018999999999999993 0.03290896534380866 -0.03539395672481174
2.326828918379971e-18 0.03799999999999999 -0.03539395672481174
0.019000000000000003 0.03290896534380866 -0.03539395672481174
0.03290896534380867 0.01899999999999999 -0.03539395672481174
0.038 -5.335292611071861e-18 -0.029393956724811737
0.03290896534380867 0.01899999999999999 -0.029393956724811737
0.019000000000000003 0.03290896534380866 -0.029393956724811737
2.326828918379971e-18 0.03799999999999999 -0.029393956724811737
-0.018999999999999993 0.03290896534380866 -0.029393956724811737
-0.03290896534380867 0.01899999999999999 -0.029393956724811737
-0.038 -6.816347743119188e-19 -0.029393956724811737
-0.032908965343808674 -0.018999999999999996 -0.029393956724811737
-0.019000000000000017 -0.03290896534380867 -0.029393956724811737
-6.980486755139913e-18 -0.038000000000000006 -0.029393956724811737
0.019000000000000003 -0.032908965343808674 -0.029393956724811737
0.03290896534380866 -0.019000000000000024 -0.029393956724811737
8
0.038 -5.335292611071861e-18 -0.029393956724811744
0.03290896534380867 0.01899999999999999 -0.029393956724811744
0.03723909236273086 0.021499999999999988 0.04460604327518826
0.043 -5.335292611071861e-18 0.04460604327518826
0.027712812921102038 0.01599999999999999 -0.029393956724811744
0.03204293994002423 0.01849999999999999 0.04460604327518826
0.032 -5.335292611071861e-18 -0.029393956724811744
0.037 -5.335292611071861e-18 0.04460604327518826
8
0.016000000000000004 0.027712812921102028 -0.029393956724811744
0.018500000000000003 0.03204293994002422 0.04460604327518826
0.021500000000000002 0.03723909236273085 0.04460604327518826
0.019000000000000003 0.03290896534380866 -0.029393956724811744
0.03290896534380867 0.01899999999999999 -0.029393956724811744
0.03723909236273086 0.021499999999999988 0.04460604327518826
0.027712812921102038 0.01599999999999999 -0.029393956724811744
0.03204293994002423 0.01849999999999999 0.04460604327518826
8
0.019000000000000003 0.03290896534380866 -0.029393956724811744
2.326828918379971e-18 0.03799999999999999 -0.029393956724811744
2.6329906181668093e-18 0.04299999999999999 0.04460604327518826
0.021500000000000002 0.03723909236273085 0.04460604327518826
1.959434878635765e-18 0.031999999999999994 -0.029393956724811744
2.2655965784226034e-18 0.03699999999999999 0.04460604327518826
0.016000000000000004 0.027712812921102028 -0.029393956724811744
0.018500000000000003 0.03204293994002422 0.04460604327518826
8
2.326828918379971e-18 0.03799999999999999 -0.029393956724811744
-0.018999999999999993 0.03290896534380866 -0.029393956724811744
-0.021499999999999988 0.037239092362730854 0.04460604327518826
2.6329906181668093e-18 0.04299999999999999 0.04460604327518826
1.959434878635765e-18 0.031999999999999994 -0.029393956724811744
2.2655965784226034e-18 0.03699999999999999 0.04460604327518826
-0.015999999999999993 0.02771281292110203 -0.029393956724811744
-0.018499999999999992 0.032042939940024225 0.04460604327518826
8
-0.018999999999999993 0.03290896534380866 -0.029393956724811744
-0.03290896534380867 0.01899999999999999 -0.029393956724811744
-0.03723909236273086 0.021499999999999988 0.04460604327518826
-0.021499999999999988 0.037239092362730854 0.04460604327518826
-0.015999999999999993 0.02771281292110203 -0.029393956724811744
-0.018499999999999992 0.032042939940024225 0.04460604327518826
-0.027712812921102038 0.01599999999999999 -0.029393956724811744
-0.03204293994002423 0.01849999999999999 0.04460604327518826
8
-0.03290896534380867 0.01899999999999999 -0.029393956724811744
-0.038 -6.816347743119188e-19 -0.029393956724811744
-0.043 -6.931137473824197e-20 0.04460604327518826
-0.03723909236273086 0.021499999999999988 0.04460604327518826
-0.027712812921102038 0.01599999999999999 -0.029393956724811744
-0.032 -1.4164228538003306e-18 -0.029393956724811744
-0.03204293994002423 0.01849999999999999 0.04460604327518826
-0.037 -8.040994542266538e-19 0.04460604327518826
8
-0.037 -8.040994542266538e-19 0.04460604327518826
-0.043 -6.931137473824197e-20 0.04460604327518826
-0.03723909236273087 -0.021499999999999995 0.04460604327518826
-0.03204293994002423 -0.018499999999999996 0.04460604327518826
-0.02771281292110204 -0.015999999999999997 -0.029393956724811744
-0.032908965343808674 -0.018999999999999996 -0.029393956724811744
-0.038 -6.816347743119188e-19 -0.029393956724811744
-0.032 -1.4164228538003306e-18 -0.029393956724811744
8
-0.03204293994002423 -0.018499999999999996 0.04460604327518826
-0.03723909236273087 -0.021499999999999995 0.04460604327518826
-0.02150000000000002 -0.03723909236273086 0.04460604327518826
-0.018500000000000016 -0.03204293994002423 0.04460604327518826
-0.02771281292110204 -0.015999999999999997 -0.029393956724811744
-0.032908965343808674 -0.018999999999999996 -0.029393956724811744
-0.016000000000000014 -0.027712812921102038 -0.029393956724811744
-0.019000000000000017 -0.03290896534380867 -0.029393956724811744
8
-0.018500000000000016 -0.03204293994002423 0.04460604327518826
-0.02150000000000002 -0.03723909236273086 0.04460604327518826
-7.898971854500428e-18 -0.043000000000000003 0.04460604327518826
-6.79678973526781e-18 -0.037000000000000005 0.04460604327518826
-5.8783046359072955e-18 -0.03200000000000001 -0.029393956724811744
-6.980486755139913e-18 -0.038000000000000006 -0.029393956724811744
-0.019000000000000017 -0.03290896534380867 -0.029393956724811744
-0.016000000000000014 -0.027712812921102038 -0.029393956724811744
8
-6.980486755139913e-18 -0.038000000000000006 -0.029393956724811744
0.019000000000000003 -0.032908965343808674 -0.029393956724811744
0.021500000000000002 -0.03723909236273086 0.04460604327518826
-7.898971854500428e-18 -0.043000000000000003 0.04460604327518826
-5.8783046359072955e-18 -0.03200000000000001 -0.029393956724811744
-6.79678973526781e-18 -0.037000000000000005 0.04460604327518826
0.016000000000000004 -0.02771281292110204 -0.029393956724811744
0.018500000000000003 -0.03204293994002423 0.04460604327518826
8
0.016000000000000004 -0.02771281292110204 -0.029393956724811744
0.019000000000000003 -0.032908965343808674 -0.029393956724811744
0.021500000000000002 -0.03723909236273086 0.04460604327518826
0.018500000000000003 -0.03204293994002423 0.04460604327518826
0.03290896534380866 -0.019000000000000024 -0.029393956724811744
0.03723909236273085 -0.021500000000000026 0.04460604327518826
0.027712812921102028 -0.01600000000000002 -0.029393956724811744
0.03204293994002422 -0.018500000000000023 0.04460604327518826
8
0.027712812921102028 -0.01600000000000002 -0.029393956724811744
0.03290896534380866 -0.019000000000000024 -0.029393956724811744
0.03723909236273085 -0.021500000000000026 0.04460604327518826
0.03204293994002422 -0.018500000000000023 0.04460604327518826
0.038 -1.4642608284591745e-17 -0.029393956724811744
0.043 -1.58672550837391e-17 0.04460604327518826
0.032 -1.3173032125614922e-17 -0.029393956724811744
0.037 -1.4397678924762275e-17 0.04460604327518826
13
24
0.034 3.7007181036038086e-18 -0.020632078892031037
0.029444863728670907 -0.01700000000000001 -0.020632078892031037
0.017000000000000005 -0.02944486372867091 -0.020632078892031037
-5.320878066451926e-18 -0.033999999999999996 -0.020632078892031037
-0.017000000000000015 -0.029444863728670907 -0.020632078892031037
-0.02944486372867092 -0.016999999999999987 -0.020632078892031037
-0.034 7.86451722070481e-18 -0.020632078892031037
-0.029444863728670917 0.017 -0.020632078892031037
-0.016999999999999994 0.02944486372867092 -0.020632078892031037
3.0067201677500757e-18 0.03400000000000001 -0.020632078892031037
0.017000000000000005 0.029444863728670917 -0.020632078892031037
0.029444863728670917 0.017 -0.020632078892031037
0.034 3.7007181036038086e-18 -0.014632078892031037
0.029444863728670917 0.017 -0.014632078892031037
0.017000000000000005 0.029444863728670917 -0.014632078892031037
3.0067201677500757e-18 0.03400000000000001 -0.014632078892031037
-0.016999999999999994 0.02944486372867092 -0.014632078892031037
-0.029444863728670917 0.017 -0.014632078892031037
-0.034 7.86451722070481e-18 -0.014632078892031037
-0.02944486372867092 -0.016999999999999987 -0.014632078892031037
-0.017000000000000015 -0.029444863728670907 -0.014632078892031037
-5.320878066451926e-18 -0.033999999999999996 -0.014632078892031037
0.017000000000000005 -0.02944486372867091 -0.014632078892031037
0.029444863728670907 -0.01700000000000001 -0.014632078892031037
8
0.059000000000000004 3.7007181036038086e-18 0.022367921107968966
0.065 3.7007181036038086e-18 0.022367921107968966
0.05629165124598852 0.0325 0.022367921107968966
0.05109549882328189 0.029500000000000002 0.022367921107968966
0.028000000000000004 3.7007181036038086e-18 -0.014632078892031037
0.034 3.7007181036038086e-18 -0.014632078892031037
0.024248711305964288 0.014000000000000004 -0.014632078892031037
0.029444863728670917 0.017 -0.014632078892031037
8
0.029444863728670917 0.017 -0.014632078892031037
0.017000000000000005 0.029444863728670917 -0.014632078892031037
0.03250000000000001 0.05629165124598852 0.022367921107968966
0.05629165124598852 0.0325 0.022367921107968966
0.014000000000000007 0.024248711305964288 -0.014632078892031037
0.02950000000000001 0.05109549882328189 0.022367921107968966
0.024248711305964288 0.014000000000000004 -0.014632078892031037
0.05109549882328189 0.029500000000000002 0.022367921107968966
8
0.017000000000000005 0.029444863728670917 -0.014632078892031037
3.0067201677500757e-18 0.03400000000000001 -0.014632078892031037
4.9049227064284736e-18 0.065 0.022367921107968966
0.03250000000000001 0.05629165124598852 0.022367921107968966
2.63932612800587e-18 0.028000000000000008 -0.014632078892031037
4.537528666684268e-18 0.05900000000000001 0.022367921107968966
0.014000000000000007 0.024248711305964288 -0.014632078892031037
0.02950000000000001 0.05109549882328189 0.022367921107968966
8
3.0067201677500757e-18 0.03400000000000001 -0.014632078892031037
-0.016999999999999994 0.02944486372867092 -0.014632078892031037
-0.03249999999999999 0.056291651245988526 0.022367921107968966
4.9049227064284736e-18 0.065 0.022367921107968966
2.63932612800587e-18 0.028000000000000008 -0.014632078892031037
4.537528666684268e-18 0.05900000000000001 0.022367921107968966
-0.013999999999999993 0.02424871130596429 -0.014632078892031037
-0.029499999999999988 0.0510954988232819 0.022367921107968966
8
-0.029499999999999988 0.0510954988232819 0.022367921107968966
-0.03249999999999999 0.056291651245988526 0.022367921107968966
-0.05629165124598852 0.0325 0.022367921107968966
-0.05109549882328189 0.029500000000000002 0.022367921107968966
-0.013999999999999993 0.02424871130596429 -0.014632078892031037
-0.016999999999999994 0.02944486372867092 -0.014632078892031037
-0.029444863728670917 0.017 -0.014632078892031037
-0.024248711305964288 0.014000000000000004 -0.014632078892031037
8
-0.029444863728670917 0.017 -0.014632078892031037
-0.034 7.86451722070481e-18 -0.014632078892031037
-0.065 1.1660922298061606e-17 0.022367921107968966
-0.05629165124598852 0.0325 0.022367921107968966
-0.024248711305964288 0.014000000000000004 -0.014632078892031037
-0.05109549882328189 0.029500000000000002 0.022367921107968966
-0.028000000000000004 7.129729141216398e-18 -0.014632078892031037
-0.059000000000000004 1.0926134218573193e-17 0.022367921107968966
8
-0.059000000000000004 1.0926134218573193e-17 0.022367921107968966
-0.065 1.1660922298061606e-17 0.022367921107968966
-0.056291651245988526 -0.03249999999999997 0.022367921107968966
-0.05109549882328189 -0.02949999999999998 0.022367921107968966
-0.02424871130596429 -0.013999999999999992 -0.014632078892031037
-0.02944486372867092 -0.016999999999999987 -0.014632078892031037
-0.034 7.86451722070481e-18 -0.014632078892031037
-0.028000000000000004 7.129729141216398e-18 -0.014632078892031037
8
-0.05109549882328189 -0.02949999999999998 0.022367921107968966
-0.056291651245988526 -0.03249999999999997 0.022367921107968966
-0.03250000000000003 -0.0562916512459885 0.022367921107968966
-0.02950000000000003 -0.05109549882328187 0.022367921107968966
-0.02424871130596429 -0.013999999999999992 -0.014632078892031037
-0.02944486372867092 -0.016999999999999987 -0.014632078892031037
-0.014000000000000012 -0.024248711305964277 -0.014632078892031037
-0.017000000000000015 -0.029444863728670907 -0.014632078892031037
8
-0.02950000000000003 -0.05109549882328187 0.022367921107968966
-0.03250000000000003 -0.0562916512459885 0.022367921107968966
-1.1015485682487118e-17 -0.065 0.022367921107968966
-9.9133035632545e-18 -0.059 0.022367921107968966
-4.2186959472193084e-18 -0.028 -0.014632078892031037
-5.320878066451926e-18 -0.033999999999999996 -0.014632078892031037
-0.017000000000000015 -0.029444863728670907 -0.014632078892031037
-0.014000000000000012 -0.024248711305964277 -0.014632078892031037
8
-5.320878066451926e-18 -0.033999999999999996 -0.014632078892031037
0.017000000000000005 -0.02944486372867091 -0.014632078892031037
0.03250000000000001 -0.056291651245988505 0.022367921107968966
-1.1015485682487118e-17 -0.065 0.022367921107968966
-4.2186959472193084e-18 -0.028 -0.014632078892031037
-9.9133035632545e-18 -0.059 0.022367921107968966
0.014000000000000007 -0.02424871130596428 -0.014632078892031037
0.02950000000000001 -0.051095498823281876 0.022367921107968966
8
0.017000000000000005 -0.02944486372867091 -0.014632078892031037
0.029444863728670907 -0.01700000000000001 -0.014632078892031037
0.0562916512459885 -0.03250000000000002 0.022367921107968966
0.03250000000000001 -0.056291651245988505 0.022367921107968966
0.014000000000000007 -0.02424871130596428 -0.014632078892031037
0.024248711305964277 -0.01400000000000001 -0.014632078892031037
0.02950000000000001 -0.051095498823281876 0.022367921107968966
0.05109549882328187 -0.029500000000000026 0.022367921107968966
8
0.05109549882328187 -0.029500000000000026 0.022367921107968966
0.0562916512459885 -0.03250000000000002 0.022367921107968966
0.065 -1.2219690285311784e-17 0.022367921107968966
0.059000000000000004 -1.075011412633496e-17 0.022367921107968966
0.029444863728670907 -0.01700000000000001 -0.014632078892031037
0.034 -4.626880130598193e-18 -0.014632078892031037
0.028000000000000004 -3.1573039716213704e-18 -0.014632078892031037
0.024248711305964277 -0.01400000000000001 -0.014632078892031037
3
24
0.029 1.4176366503926768e-19 -0.04887932634430177
0.025114736709748713 -0.014500000000000013 -0.04887932634430177
0.014500000000000004 -0.02511473670974872 -0.04887932634430177
-4.879447853788909e-18 -0.029 -0.04887932634430177
-0.014500000000000013 -0.025114736709748717 -0.04887932634430177
-0.025114736709748727 -0.014499999999999992 -0.04887932634430177
-0.029 3.6932393825665916e-18 -0.04887932634430177
-0.025114736709748724 0.014499999999999999 -0.04887932634430177
-0.014499999999999994 0.025114736709748724 -0.04887932634430177
2.223503581265739e-18 0.029 -0.04887932634430177
0.014500000000000004 0.02511473670974872 -0.04887932634430177
0.025114736709748724 0.014499999999999999 -0.04887932634430177
0.029 1.4176366503926768e-19 0.029120673655698235
0.025114736709748724 0.014499999999999999 0.029120673655698235
0.014500000000000004 0.02511473670974872 0.029120673655698235
2.223503581265739e-18 0.029 0.029120673655698235
-0.014499999999999994 0.025114736709748724 0.029120673655698235
-0.025114736709748724 0.014499999999999999 0.029120673655698235
-0.029 3.6932393825665916e-18 0.029120673655698235
-0.025114736709748727 -0.014499999999999992 0.029120673655698235
-0.014500000000000013 -0.025114736709748717 0.029120673655698235
-4.879447853788909e-18 -0.029 0.029120673655698235
0.014500000000000004 -0.02511473670974872 0.029120673655698235
0.025114736709748713 -0.014500000000000013 0.029120673655698235
24
0.029 1.4176366503926768e-19 0.029120673655698235
0.025114736709748713 -0.014500000000000013 0.029120673655698235
0.014500000000000004 -0.02511473670974872 0.029120673655698235
-4.879447853788909e-18 -0.029 0.029120673655698235
-0.014500000000000013 -0.025114736709748717 0.029120673655698235
-0.025114736709748727 -0.014499999999999992 0.029120673655698235
-0.029 3.6932393825665916e-18 0.029120673655698235
-0.025114736709748724 0.014499999999999999 0.029120673655698235
-0.014499999999999994 0.025114736709748724 0.029120673655698235
2.223503581265739e-18 0.029 0.029120673655698235
0.014500000000000004 0.02511473670974872 0.029120673655698235
0.025114736709748724 0.014499999999999999 0.029120673655698235
0.014 1.4176366503926768e-19 0.047120673655698234
0.012124355652982142 0.006999999999999999 0.047120673655698234
0.007000000000000003 0.01212435565298214 0.047120673655698234
1.3050184819052243e-18 0.014 0.047120673655698234
-0.006999999999999996 0.012124355652982142 0.047120673655698234
-0.012124355652982142 0.006999999999999999 0.047120673655698234
-0.014 1.8562691838455624e-18 0.047120673655698234
-0.012124355652982144 -0.006999999999999997 0.047120673655698234
-0.007000000000000005 -0.012124355652982139 0.047120673655698234
-2.1239925557073644e-18 -0.014 0.047120673655698234
0.007000000000000003 -0.01212435565298214 0.047120673655698234
0.012124355652982137 -0.007000000000000006 0.047120673655698234
24
0.014 1.4176366503926768e-19 0.07512067365569823
0.012124355652982142 0.006999999999999999 0.07512067365569823
0.007000000000000003 0.01212435565298214 0.07512067365569823
1.3050184819052243e-18 0.014 0.07512067365569823
-0.006999999999999996 0.012124355652982142 0.07512067365569823
-0.012124355652982142 0.006999999999999999 0.07512067365569823
-0.014 1.8562691838455624e-18 0.07512067365569823
-0.012124355652982144 -0.006999999999999997 0.07512067365569823
-0.007000000000000005 -0.012124355652982139 0.07512067365569823
-2.1239925557073644e-18 -0.014 0.07512067365569823
0.007000000000000003 -0.01212435565298214 0.07512067365569823
0.012124355652982137 -0.007000000000000006 0.07512067365569823
0.014 1.4176366503926768e-19 0.047120673655698234
0.012124355652982137 -0.007000000000000006 0.047120673655698234
0.007000000000000003 -0.01212435565298214 0.047120673655698234
-2.1239925557073644e-18 -0.014 0.047120673655698234
-0.007000000000000005 -0.012124355652982139 0.047120673655698234
-0.012124355652982144 -0.006999999999999997 0.047120673655698234
-0.014 1.8562691838455624e-18 0.047120673655698234
-0.012124355652982142 0.006999999999999999 0.047120673655698234
-0.006999999999999996 0.012124355652982142 0.047120673655698234
1.3050184819052243e-18 0.014 0.047120673655698234
0.007000000000000003 0.01212435565298214 0.047120673655698234
0.012124355652982142 0.006999999999999999 0.047120673655698234
1
24
0.063 2.4453479097897508e-18 0.0025
0.05455960043841964 0.03149999999999999 0.0025
0.03150000000000001 0.054559600438419634 0.0025
2.162566707118994e-18 0.063 0.0025
-0.031499999999999986 0.05455960043841964 0.0025
-0.05455960043841964 0.03149999999999999 0.0025
-0.063 1.0160622744418076e-17 0.0025
-0.05455960043841965 -0.03149999999999998 0.0025
-0.03150000000000003 -0.05455960043841963 0.0025
-1.3267982962137654e-17 -0.063 0.0025
0.03150000000000001 -0.054559600438419634 0.0025
0.05455960043841962 -0.03150000000000003 0.0025
0.03150000000000001 0.054559600438419634 -0.0025
2.162566707118994e-18 0.063 -0.0025
-0.031499999999999986 0.05455960043841964 -0.0025
0.063 2.4453479097897508e-18 -0.0025
0.05455960043841962 -0.03150000000000003 -0.0025
0.03150000000000001 -0.054559600438419634 -0.0025
-1.3267982962137654e-17 -0.063 -0.0025
-0.03150000000000003 -0.05455960043841963 -0.0025
-0.05455960043841965 -0.03149999999999998 -0.0025
-0.063 1.0160622744418076e-17 -0.0025
-0.05455960043841964 0.03149999999999999 -0.0025
0.05455960043841964 0.03149999999999999 -0.0025
1
16
0.011 -4.3944779894987816e-20 -0.055
0.00777817459305202 -0.007778174593052024 -0.055
-1.8229157090656873e-18 -0.011 -0.055
-0.007778174593052024 -0.007778174593052021 -0.055
-0.011 1.3031666991671006e-18 -0.055
-0.007778174593052021 0.007778174593052023 -0.055
8.713072490584894e-19 0.011 -0.055
0.007778174593052023 0.007778174593052021 -0.055
0.011 -4.3944779894987816e-20 0.055
0.007778174593052023 0.007778174593052021 0.055
8.713072490584894e-19 0.011 0.055
-0.007778174593052021 0.007778174593052023 0.055
-0.011 1.3031666991671006e-18 0.055
-0.007778174593052024 -0.007778174593052021 0.055
-1.8229157090656873e-18 -0.011 0.055
0.00777817459305202 -0.007778174593052024 0.055
1
16
0.0013467266619054076 -0.015206838009739359 0.0144375
-0.009646629074870667 -0.018615339366896785 0.0013125000000000003
0.008468491155602895 -0.01808319171099111 -0.006562500000000001
-0.015008944300414063 -0.00872116818105892 -0.0118125
-0.0009256208191025291 -0.007262453479122602 -0.0196875
0.007321186283175394 -0.00001535722046773829 0.0196875
-0.009013510667009868 0.008254119932435668 0.0170625
0.010577663118488151 0.01376372865204127 0.0118125
0.019700678232181898 0.0071743703169624366 -0.0013124999999999999
0.005665048336085057 0.018002683597966855 -0.009187500000000001
0.016844956482203927 -0.010722154915017688 0.006562500000000001
-0.018581426841872313 -0.003304537168626193 0.009187500000000001
-0.019053494775432896 0.00785521921422866 -0.0039375
-0.005341506951501951 0.019904985193365306 0.0039375
-0.007027345317640985 0.009999514397707611 -0.0170625
0.014907676017716538 -0.0032898010133045677 -0.0144375
4
0.2770834204779234 0 0.42837315696425693 0.025 0.5791668409558468 0.8567463139285139
-0.2770834204779234 0 0.42837315696425693 0.025 0.5791668409558468 0.8567463139285139
0 0.2770834204779234 0.42837315696425693 0.5791668409558468 0.025 0.8567463139285139
0 -0.2770834204779234 0.42837315696425693 0.5791668409558468 0.025 0.8567463139285139
0
64
0 0 -0.15 -0.15 1.0167463139285138 0.31712950581329247 0.9261517752913166 -0.18191844090102935 0.0926145049519683 0 0 0 0 0 0
1 0 0 -0.15 1.0167463139285138 0.8353594899751068 -0.22470116750250493 0.40850198625126555 0.2912216253307978 0 0 0 0 0 0
2 0 0.15 -0.15 1.0167463139285138 0.1626866703931447 -0.36250807427375004 -0.7696154591178396 0.4998129534631598 0 0 0 0 0 0
3 0 -0.15 0 1.0167463139285138 0.21187889866945922 0.9521175358252788 0.2127222559724443 0.057695511841129414 0 0 0 0 0 0
4 0 0 0 1.0167463139285138 0.3417116640374253 -0.1551078000229051 -0.37667445485591794 0.846930377358036 0 0 0 0 0 0
5 0 0.15 0 1.0167463139285138 0.9234362070603459 0.18177130504357536 0.12393509231049557 0.31442782486088333 0 0 0 0 0 0
0 0 -0.15 0.15 1.0167463139285138 0.7993081378539972 0.2512712317577275 0.40386484679033735 0.3672362378338326 0 0 0 0 0 0
1 0 0 0.15 1.0167463139285138 0.23916304293551388 0.6275353480306938 0.04250842826087693 0.739725259398793 0 0 0 0 0 0
2 0 0.15 0.15 1.0167463139285138 -0.9056791332999063 -0.23225171031065842 -0.24627278356283708 -0.2552531422707985 0 0 0 0 0 0
3 0.4 -0.15 -0.15 1.0167463139285138 -0.9393405982751197 -0.19515924579681698 0.1328605350222888 0.2487974827962473 0 0 0 0 0 0
4 0.4 0 -0.15 1.0167463139285138 -0.9996745800594333 -0.011213200299824012 0.01971237514342769 0.01167991387966258 0 0 0 0 0 0
5 0.4 0.15 -0.15 1.0167463139285138 -0.8663713269303406 -0.35227608647783304 0.32419022314548457 0.14213719423748358 0 0 0 0 0 0
0 0.4 -0.15 0 1.0167463139285138 -0.8154195452082514 -0.26246838969600034 -0.16081073492557346 -0.4902460782458682 0 0 0 0 0 0
1 0.4 0 0 1.0167463139285138 -0.16812148219757383 -0.12466556098234217 -0.8101890829737796 -0.5475283690903651 0 0 0 0 0 0
2 0.4 0.15 0 1.0167463139285138 -0.6267353192217571 -0.6798313025077017 0.3803466529922015 0.01920060749856256 0 0 0 0 0 0
3 0.4 -0.15 0.15 1.0167463139285138 0.6604185636961255 0.4611408317283065 0.20462654903333832 -0.5561694251477503 0 0 0 0 0 0
4 0.4 0 0.15 1.0167463139285138 -0.5016314529708499 0.5267471122508494 -0.5625512669422836 0.3929878333833972 0 0 0 0 0 0
5 0.4 0.15 0.15 1.0167463139285138 0.9995005666471664 0.023794265818621874 0.0033493242624301925 0.0205239424363652 0 0 0 0 0 0
0 0.8 -0.15 -0.15 1.0167463139285138 -0.7250490873755222 0.09720403847467783 0.5296461539452164 -0.42933686938251164 0 0 0 0 0 0
1 0.8 0 -0.15 1.0167463139285138 0.3410854719607213 0.19288033163842194 -0.8695469831833618 0.3005759846047231 0 0 0 0 0 0
2 0.8 0.15 -0.15 1.0167463139285138 -0.9910482240956395 -0.020173267687870398 -0.1219598536170002 -0.05042073872319176 0 0 0 0 0 0
3 0.8 -0.15 0 1.0167463139285138 -0.9454189089014856 0.2914054423945809 -0.08163290341044152 0.12083883446609597 0 0 0 0 0 0
4 0.8 0 0 1.0167463139285138 0.4874079939327494 -0.023668191591755344 0.04655139512304161 0.8716112847877356 0 0 0 0 0 0
5 0.8 0.15 0 1.0167463139285138 0.7042242804762355 0.4475980488510502 0.4210531529276645 -0.35558176536787434 0 0 0 0 0 0
0 0.8 -0.15 0.15 1.0167463139285138 0.940090606136917 -0.2922043752294939 0.15007310179770808 -0.09123770857863525 0 0 0 0 0 0
1 0.8 0 0.15 1.0167463139285138 0.9234683783583302 -0.12732095550379935 -0.299222159244017 -0.20362128542758864 0 0 0 0 0 0
2 0.8 0.15 0.15 1.0167463139285138 -0.2560507433033606 0.650448136370905 0.12247628592820665 -0.7045245191834315 0 0 0 0 0 0
3 1.2000000000000002 -0.15 -0.15 1.0167463139285138 -0.28780727090161123 0.11587752752300451 -0.6901007090462378 0.6538351357989274 0 0 0 0 0 0
4 1.2000000000000002 0 -0.15 1.0167463139285138 0.6364555786403302 0.111731384084532 -0.0034703717054803147 0.7631699356947856 0 0 0 0 0 0
5 1.2000000000000002 0.15 -0.15 1.0167463139285138 -0.9530529031721682 0.12563859082615006 -0.14012990547421708 -0.2372102819063882 0 0 0 0 0 0
0 1.2000000000000002 -0.15 0 1.0167463139285138 -0.724653287267794 0.6821124206109046 0.03308312572668041 -0.09222670812983126 0 0 0 0 0 0
1 1.2000000000000002 0 0 1.0167463139285138 0.403535417950826 -0.29605652796841336 0.5516636169487888 0.6672158214862116 0 0 0 0 0 0
2 1.2000000000000002 0.15 0 1.0167463139285138 0.05454710213967506 -0.06449629170842244 -0.5757289443801746 0.813265654387861 0 0 0 0 0 0
3 1.2000000000000002 -0.15 0.15 1.0167463139285138 0.9690150410169354 -0.2264040759992018 0.09667905206086294 0.020104863752527322 0 0 0 0 0 0
4 1.2000000000000002 0 0.15 1.0167463139285138 -0.958514395837003 0.048564738590681014 -0.22365267685013282 -0.16991497661069735 0 0 0 0 0 0
5 1.2000000000000002 0.15 0.15 1.0167463139285138 -0.3275364526030143 -0.517420121185189 -0.4756466264726697 0.6314717548189359 0 0 0 0 0 0
0 1.6 -0.15 -0.15 1.0167463139285138 -0.29475300386572345 0.1850380221635853 -0.815630155501976 -0.4622002233899762 0 0 0 0 0 0
1 1.6 0 -0.15 1.0167463139285138 0.1946607926753479 -0.5684964451641489 0.6516200744183887 -0.46293654667319667 0 0 0 0 0 0
2 1.6 0.15 -0.15 1.0167463139285138 0.8452606338120576 -0.4274707465280282 0.16042103449060324 -0.27761180357357584 0 0 0 0 0 0
3 1.6 -0.15 0 1.0167463139285138 -0.7683846416819291 -0.42241434377114817 -0.2603382934495541 -0.4041969044506622 0 0 0 0 0 0
4 1.6 0 0 1.0167463139285138 0.6563587955738374 -0.4719543153715025 0.4335306872446504 -0.3981248533968446 0 0 0 0 0 0
5 1.6 0.15 0 1.0167463139285138 -0.992641568915514 0.1136127033866722 0.024586916756893746 -0.03391685148283015 0 0 0 0 0 0
0 1.6 -0.15 0.15 1.0167463139285138 0.7320713778507022 0.35344987601830397 0.4699574537718974 -0.3439253909188082 0 0 0 0 0 0
1 1.6 0 0.15 1.0167463139285138 0.34540012162434314 0.7627883947696211 -0.5372697416907327 0.10096457522441685 0 0 0 0 0 0
2 1.6 0.15 0.15 1.0167463139285138 0.43203795879619256 -0.020301916508563153 -0.5751996892380175 -0.6943171838906098 0 0 0 0 0 0
3 2 -0.15 -0.15 1.0167463139285138 0.9499124592454179 0.2729468197242413 -0.1303881862295466 0.07851926046845974 0 0 0 0 0 0
4 2 0 -0.15 1.0167463139285138 0.7357302876858961 -0.05639636223143324 -0.34675445233096863 -0.5790351836437398 0 0 0 0 0 0
5 2 0.15 -0.15 1.0167463139285138 0.49569101327807863 0.10310171440146391 0.1846124812848387 0.8423649373025244 0 0 0 0 0 0
0 2 -0.15 0 1.0167463139285138 -0.9468546042126975 -0.20696621904056256 0.23511839354707992 -0.07314836753551163 0 0 0 0 0 0
1 2 0 0 1.0167463139285138 -0.8424501613991594 -0.4230827942637505 0.20761716141856448 -0.26110110884675475 0 0 0 0 0 0
2 2 0.15 0 1.0167463139285138 0.6342105825646454 0.07724528087408662 0.6118511536283052 -0.4663134882773698 0 0 0 0 0 0
3 2 -0.15 0.15 1.0167463139285138 -0.5757238147191489 -0.6284519359497748 -0.5134491709292945 0.09980081281348066 0 0 0 0 0 0
4 2 0 0.15 1.0167463139285138 0.06898719837136877 0.22667177453993367 -0.8590355843197152 -0.4537824786836445 0 0 0 0 0 0
5 2 0.15 0.15 1.0167463139285138 -0.7960817552944891 0.2704711238377287 -0.25339404708822943 -0.478425194735237 0 0 0 0 0 0
0 2.4000000000000004 -0.15 -0.15 1.0167463139285138 -0.901748112364531 -0.1803235648220528 0.27958941258611825 -0.275977379845924 0 0 0 0 0 0
1 2.4000000000000004 0 -0.15 1.0167463139285138 0.7751626762909157 0.46152290740085267 0.39906700564924924 -0.1639053270394562 0 0 0 0 0 0
2 2.4000000000000004 0.15 -0.15 1.0167463139285138 -0.8898884670276825 -0.26494412249049276 0.37131053106344786 -0.005622964542327384 0 0 0 0 0 0
3 2.4000000000000004 -0.15 0 1.0167463139285138 -0.2577291890776172 0.3849902894547113 0.793491185305468 0.3946262547848216 0 0 0 0 0 0
4 2.4000000000000004 0 0 1.0167463139285138 -0.9028007079751273 0.36274821977397054 0.06786002513144158 -0.2208158230734023 0 0 0 0 0 0
5 2.4000000000000004 0.15 0 1.0167463139285138 -0.8074037696699039 -0.0897983053242422 0.37958183932510087 -0.4426658382327421 0 0 0 0 0 0
0 2.4000000000000004 -0.15 0.15 1.0167463139285138 -0.2633897751876792 0.6573036695109807 0.6542661418273392 0.2655438344837839 0 0 0 0 0 0
1 2.4000000000000004 0 0.15 1.0167463139285138 0.33710485565533427 0.6193153729530658 0.4473687678566783 -0.5501544970860447 0 0 0 0 0 0
2 2.4000000000000004 0.15 0.15 1.0167463139285138 -0.9923386907013733 0.11977414860831306 -0.009460002890615762 0.0287851456058082 0 0 0 0 0 0
3 2.8000000000000003 -0.15 -0.15 1.0167463139285138 -0.8935783803230081 -0.1990984267616289 0.10100986942963791 -0.3894541063567842 0 0 0 0 0 0
