PACK1
1000 .5 0 0 -9.81 10 60 10 6
13
24
0.038 -5.335292611071861e-18 -0.03539395672481174
0.03290896534380866 -0.019000000000000024 -0.03539395672481174
0.019000000000000003 -0.032908965343808674 -0.03539395672481174
-6.980486755139913e-18 -0.038000000000000006 -0.03539395672481174
-0.019000000000000017 -0.03290896534380867 -0.03539395672481174
-0.032908965343808674 -0.018999999999999996 -0.03539395672481174
-0.038 -6.816347743119188e-19 -0.03539395672481174
-0.03290896534380867 0.01899999999999999 -0.03539395672481174
-0.018999999999999993 0.03290896534380866 -0.03539395672481174
2.326828918379971e-18 0.03799999999999999 -0.03539395672481174
0.019000000000000003 0.03290896534380866 -0.03539395672481174
0.03290896534380867 0.01899999999999999 -0.03539395672481174
0.038 -5.335292611071861e-18 -0.029393956724811737
0.03290896534380867 0.01899999999999999 -0.029393956724811737
0.019000000000000003 0.03290896534380866 -0.029393956724811737
2.326828918379971e-18 0.03799999999999999 -0.029393956724811737
-0.018999999999999993 0.03290896534380866 -0.029393956724811737
-0.03290896534380867 0.01899999999999999 -0.029393956724811737
-0.038 -6.816347743119188e-19 -0.029393956724811737
-0.032908965343808674 -0.018999999999999996 -0.029393956724811737
-0.019000000000000017 -0.03290896534380867 -0.029393956724811737
-6.980486755139913e-18 -0.038000000000000006 -0.029393956724811737
0.019000000000000003 -0.032908965343808674 -0.029393956724811737
0.03290896534380866 -0.019000000000000024 -0.029393956724811737
8
0.038 -5.335292611071861e-18 -0.029393956724811744
0.03290896534380867 0.01899999999999999 -0.029393956724811744
0.03723909236273086 0.021499999999999988 0.04460604327518826
0.043 -5.335292611071861e-18 0.04460604327518826
0.027712812921102038 0.01599999999999999 -0.029393956724811744
0.03204293994002423 0.01849999999999999 0.04460604327518826
0.032 -5.335292611071861e-18 -0.029393956724811744
0.037 -5.335292611071861e-18 0.04460604327518826
8
0.016000000000000004 0.027712812921102028 -0.029393956724811744
0.018500000000000003 0.03204293994002422 0.04460604327518826
0.021500000000000002 0.03723909236273085 0.04460604327518826
0.019000000000000003 0.03290896534380866 -0.029393956724811744
0.03290896534380867 0.01899999999999999 -0.029393956724811744
0.03723909236273086 0.021499999999999988 0.04460604327518826
0.027712812921102038 0.01599999999999999 -0.029393956724811744
0.03204293994002423 0.01849999999999999 0.04460604327518826
8
0.019000000000000003 0.03290896534380866 -0.029393956724811744
2.326828918379971e-18 0.03799999999999999 -0.029393956724811744
2.6329906181668093e-18 0.04299999999999999 0.04460604327518826
0.021500000000000002 0.03723909236273085 0.04460604327518826
1.959434878635765e-18 0.031999999999999994 -0.029393956724811744
2.2655965784226034e-18 0.03699999999999999 0.04460604327518826
0.016000000000000004 0.027712812921102028 -0.029393956724811744
0.018500000000000003 0.03204293994002422 0.04460604327518826
8
2.326828918379971e-18 0.03799999999999999 -0.029393956724811744
-0.018999999999999993 0.03290896534380866 -0.029393956724811744
-0.021499999999999988 0.037239092362730854 0.04460604327518826
2.6329906181668093e-18 0.04299999999999999 0.04460604327518826
1.959434878635765e-18 0.031999999999999994 -0.029393956724811744
2.2655965784226034e-18 0.03699999999999999 0.04460604327518826
-0.015999999999999993 0.02771281292110203 -0.029393956724811744
-0.018499999999999992 0.032042939940024225 0.04460604327518826
8
-0.018999999999999993 0.03290896534380866 -0.029393956724811744
-0.03290896534380867 0.01899999999999999 -0.029393956724811744
-0.03723909236273086 0.021499999999999988 0.04460604327518826
-0.021499999999999988 0.037239092362730854 0.04460604327518826
-0.015999999999999993 0.02771281292110203 -0.029393956724811744
-0.018499999999999992 0.032042939940024225 0.04460604327518826
-0.027712812921102038 0.01599999999999999 -0.029393956724811744
-0.03204293994002423 0.01849999999999999 0.04460604327518826
8
-0.03290896534380867 0.01899999999999999 -0.029393956724811744
-0.038 -6.816347743119188e-19 -0.029393956724811744
-0.043 -6.931137473824197e-20 0.04460604327518826
-0.03723909236273086 0.021499999999999988 0.04460604327518826
-0.027712812921102038 0.01599999999999999 -0.029393956724811744
-0.032 -1.4164228538003306e-18 -0.029393956724811744
-0.03204293994002423 0.01849999999999999 0.04460604327518826
-0.037 -8.040994542266538e-19 0.04460604327518826
8
-0.037 -8.040994542266538e-19 0.04460604327518826
-0.043 -6.931137473824197e-20 0.04460604327518826
-0.03723909236273087 -0.021499999999999995 0.04460604327518826
-0.03204293994002423 -0.018499999999999996 0.04460604327518826
-0.02771281292110204 -0.015999999999999997 -0.029393956724811744
-0.032908965343808674 -0.018999999999999996 -0.029393956724811744
-0.038 -6.816347743119188e-19 -0.029393956724811744
-0.032 -1.4164228538003306e-18 -0.029393956724811744
8
-0.03204293994002423 -0.018499999999999996 0.04460604327518826
-0.03723909236273087 -0.021499999999999995 0.04460604327518826
-0.02150000000000002 -0.03723909236273086 0.04460604327518826
-0.018500000000000016 -0.03204293994002423 0.04460604327518826
-0.02771281292110204 -0.015999999999999997 -0.029393956724811744
-0.032908965343808674 -0.018999999999999996 -0.029393956724811744
-0.016000000000000014 -0.027712812921102038 -0.029393956724811744
-0.019000000000000017 -0.03290896534380867 -0.029393956724811744
8
-0.018500000000000016 -0.03204293994002423 0.04460604327518826
-0.02150000000000002 -0.03723909236273086 0.04460604327518826
-7.898971854500428e-18 -0.043000000000000003 0.04460604327518826
-6.79678973526781e-18 -0.037000000000000005 0.04460604327518826
-5.8783046359072955e-18 -0.03200000000000001 -0.029393956724811744
-6.980486755139913e-18 -0.038000000000000006 -0.029393956724811744
-0.019000000000000017 -0.03290896534380867 -0.029393956724811744
-0.016000000000000014 -0.027712812921102038 -0.029393956724811744
8
-6.980486755139913e-18 -0.038000000000000006 -0.029393956724811744
0.019000000000000003 -0.032908965343808674 -0.029393956724811744
0.021500000000000002 -0.03723909236273086 0.04460604327518826
-7.898971854500428e-18 -0.043000000000000003 0.04460604327518826
-5.8783046359072955e-18 -0.03200000000000001 -0.029393956724811744
-6.79678973526781e-18 -0.037000000000000005 0.04460604327518826
0.016000000000000004 -0.02771281292110204 -0.029393956724811744
0.018500000000000003 -0.03204293994002423 0.04460604327518826
8
0.016000000000000004 -0.02771281292110204 -0.029393956724811744
0.019000000000000003 -0.032908965343808674 -0.029393956724811744
0.021500000000000002 -0.03723909236273086 0.04460604327518826
0.018500000000000003 -0.03204293994002423 0.04460604327518826
0.03290896534380866 -0.019000000000000024 -0.029393956724811744
0.03723909236273085 -0.021500000000000026 0.04460604327518826
0.027712812921102028 -0.01600000000000002 -0.029393956724811744
0.03204293994002422 -0.018500000000000023 0.04460604327518826
8
0.027712812921102028 -0.01600000000000002 -0.029393956724811744
0.03290896534380866 -0.019000000000000024 -0.029393956724811744
0.03723909236273085 -0.021500000000000026 0.04460604327518826
0.03204293994002422 -0.018500000000000023 0.04460604327518826
0.038 -1.4642608284591745e-17 -0.029393956724811744
0.043 -1.58672550837391e-17 0.04460604327518826
0.032 -1.3173032125614922e-17 -0.029393956724811744
0.037 -1.4397678924762275e-17 0.04460604327518826
13
24
0.034 3.7007181036038086e-18 -0.020632078892031037
0.029444863728670907 -0.01700000000000001 -0.020632078892031037
0.017000000000000005 -0.02944486372867091 -0.020632078892031037
-5.320878066451926e-18 -0.033999999999999996 -0.020632078892031037
-0.017000000000000015 -0.029444863728670907 -0.020632078892031037
-0.02944486372867092 -0.016999999999999987 -0.020632078892031037
-0.034 7.86451722070481e-18 -0.020632078892031037
-0.029444863728670917 0.017 -0.020632078892031037
-0.016999999999999994 0.02944486372867092 -0.020632078892031037
3.0067201677500757e-18 0.03400000000000001 -0.020632078892031037
0.017000000000000005 0.029444863728670917 -0.020632078892031037
0.029444863728670917 0.017 -0.020632078892031037
0.034 3.7007181036038086e-18 -0.014632078892031037
0.029444863728670917 0.017 -0.014632078892031037
0.017000000000000005 0.029444863728670917 -0.014632078892031037
3.0067201677500757e-18 0.03400000000000001 -0.014632078892031037
-0.016999999999999994 0.02944486372867092 -0.014632078892031037
-0.029444863728670917 0.017 -0.014632078892031037
-0.034 7.86451722070481e-18 -0.014632078892031037
-0.02944486372867092 -0.016999999999999987 -0.014632078892031037
-0.017000000000000015 -0.029444863728670907 -0.014632078892031037
-5.320878066451926e-18 -0.033999999999999996 -0.014632078892031037
0.017000000000000005 -0.02944486372867091 -0.014632078892031037
0.029444863728670907 -0.01700000000000001 -0.014632078892031037
8
0.059000000000000004 3.7007181036038086e-18 0.022367921107968966
0.065 3.7007181036038086e-18 0.022367921107968966
0.05629165124598852 0.0325 0.022367921107968966
0.05109549882328189 0.029500000000000002 0.022367921107968966
0.028000000000000004 3.7007181036038086e-18 -0.014632078892031037
0.034 3.7007181036038086e-18 -0.014632078892031037
0.024248711305964288 0.014000000000000004 -0.014632078892031037
0.029444863728670917 0.017 -0.014632078892031037
8
0.029444863728670917 0.017 -0.014632078892031037
0.017000000000000005 0.029444863728670917 -0.014632078892031037
0.03250000000000001 0.05629165124598852 0.022367921107968966
0.05629165124598852 0.0325 0.022367921107968966
0.014000000000000007 0.024248711305964288 -0.014632078892031037
0.02950000000000001 0.05109549882328189 0.022367921107968966
0.024248711305964288 0.014000000000000004 -0.014632078892031037
0.05109549882328189 0.029500000000000002 0.022367921107968966
8
0.017000000000000005 0.029444863728670917 -0.014632078892031037
3.0067201677500757e-18 0.03400000000000001 -0.014632078892031037
4.9049227064284736e-18 0.065 0.022367921107968966
0.03250000000000001 0.05629165124598852 0.022367921107968966
2.63932612800587e-18 0.028000000000000008 -0.014632078892031037
4.537528666684268e-18 0.05900000000000001 0.022367921107968966
0.014000000000000007 0.024248711305964288 -0.014632078892031037
0.02950000000000001 0.05109549882328189 0.022367921107968966
8
3.0067201677500757e-18 0.03400000000000001 -0.014632078892031037
-0.016999999999999994 0.02944486372867092 -0.014632078892031037
-0.03249999999999999 0.056291651245988526 0.022367921107968966
4.9049227064284736e-18 0.065 0.022367921107968966
2.63932612800587e-18 0.028000000000000008 -0.014632078892031037
4.537528666684268e-18 0.05900000000000001 0.022367921107968966
-0.013999999999999993 0.02424871130596429 -0.014632078892031037
-0.029499999999999988 0.0510954988232819 0.022367921107968966
8
-0.029499999999999988 0.0510954988232819 0.022367921107968966
-0.03249999999999999 0.056291651245988526 0.022367921107968966
-0.05629165124598852 0.0325 0.022367921107968966
-0.05109549882328189 0.029500000000000002 0.022367921107968966
-0.013999999999999993 0.02424871130596429 -0.014632078892031037
-0.016999999999999994 0.02944486372867092 -0.014632078892031037
-0.029444863728670917 0.017 -0.014632078892031037
-0.024248711305964288 0.014000000000000004 -0.014632078892031037
8
-0.029444863728670917 0.017 -0.014632078892031037
-0.034 7.86451722070481e-18 -0.014632078892031037
-0.065 1.1660922298061606e-17 0.022367921107968966
-0.05629165124598852 0.0325 0.022367921107968966
-0.024248711305964288 0.014000000000000004 -0.014632078892031037
-0.05109549882328189 0.029500000000000002 0.022367921107968966
-0.028000000000000004 7.129729141216398e-18 -0.014632078892031037
-0.059000000000000004 1.0926134218573193e-17 0.022367921107968966
8
-0.059000000000000004 1.0926134218573193e-17 0.022367921107968966
-0.065 1.1660922298061606e-17 0.022367921107968966
-0.056291651245988526 -0.03249999999999997 0.022367921107968966
-0.05109549882328189 -0.02949999999999998 0.022367921107968966
-0.02424871130596429 -0.013999999999999992 -0.014632078892031037
-0.02944486372867092 -0.016999999999999987 -0.014632078892031037
-0.034 7.86451722070481e-18 -0.014632078892031037
-0.028000000000000004 7.129729141216398e-18 -0.014632078892031037
8
-0.05109549882328189 -0.02949999999999998 0.022367921107968966
-0.056291651245988526 -0.03249999999999997 0.022367921107968966
-0.03250000000000003 -0.0562916512459885 0.022367921107968966
-0.02950000000000003 -0.05109549882328187 0.022367921107968966
-0.02424871130596429 -0.013999999999999992 -0.014632078892031037
-0.02944486372867092 -0.016999999999999987 -0.014632078892031037
-0.014000000000000012 -0.024248711305964277 -0.014632078892031037
-0.017000000000000015 -0.029444863728670907 -0.014632078892031037
8
-0.02950000000000003 -0.05109549882328187 0.022367921107968966
-0.03250000000000003 -0.0562916512459885 0.022367921107968966
-1.1015485682487118e-17 -0.065 0.022367921107968966
-9.9133035632545e-18 -0.059 0.022367921107968966
-4.2186959472193084e-18 -0.028 -0.014632078892031037
-5.320878066451926e-18 -0.033999999999999996 -0.014632078892031037
-0.017000000000000015 -0.029444863728670907 -0.014632078892031037
-0.014000000000000012 -0.024248711305964277 -0.014632078892031037
8
-5.320878066451926e-18 -0.033999999999999996 -0.014632078892031037
0.017000000000000005 -0.02944486372867091 -0.014632078892031037
0.03250000000000001 -0.056291651245988505 0.022367921107968966
-1.1015485682487118e-17 -0.065 0.022367921107968966
-4.2186959472193084e-18 -0.028 -0.014632078892031037
-9.9133035632545e-18 -0.059 0.022367921107968966
0.014000000000000007 -0.02424871130596428 -0.014632078892031037
0.02950000000000001 -0.051095498823281876 0.022367921107968966
8
0.017000000000000005 -0.02944486372867091 -0.014632078892031037
0.029444863728670907 -0.01700000000000001 -0.014632078892031037
0.0562916512459885 -0.03250000000000002 0.022367921107968966
0.03250000000000001 -0.056291651245988505 0.022367921107968966
0.014000000000000007 -0.02424871130596428 -0.014632078892031037
0.024248711305964277 -0.01400000000000001 -0.014632078892031037
0.02950000000000001 -0.051095498823281876 0.022367921107968966
0.05109549882328187 -0.029500000000000026 0.022367921107968966
8
0.05109549882328187 -0.029500000000000026 0.022367921107968966
0.0562916512459885 -0.03250000000000002 0.022367921107968966
0.065 -1.2219690285311784e-17 0.022367921107968966
0.059000000000000004 -1.075011412633496e-17 0.022367921107968966
0.029444863728670907 -0.01700000000000001 -0.014632078892031037
0.034 -4.626880130598193e-18 -0.014632078892031037
0.028000000000000004 -3.1573039716213704e-18 -0.014632078892031037
0.024248711305964277 -0.01400000000000001 -0.014632078892031037
3
24
0.029 1.4176366503926768e-19 -0.04887932634430177
0.025114736709748713 -0.014500000000000013 -0.04887932634430177
0.014500000000000004 -0.02511473670974872 -0.04887932634430177
-4.879447853788909e-18 -0.029 -0.04887932634430177
-0.014500000000000013 -0.025114736709748717 -0.04887932634430177
-0.025114736709748727 -0.014499999999999992 -0.04887932634430177
-0.029 3.6932393825665916e-18 -0.04887932634430177
-0.025114736709748724 0.014499999999999999 -0.04887932634430177
-0.014499999999999994 0.025114736709748724 -0.04887932634430177
2.223503581265739e-18 0.029 -0.04887932634430177
0.014500000000000004 0.02511473670974872 -0.04887932634430177
0.025114736709748724 0.014499999999999999 -0.04887932634430177
0.029 1.4176366503926768e-19 0.029120673655698235
0.025114736709748724 0.014499999999999999 0.029120673655698235
0.014500000000000004 0.02511473670974872 0.029120673655698235
2.223503581265739e-18 0.029 0.029120673655698235
-0.014499999999999994 0.025114736709748724 0.029120673655698235
-0.025114736709748724 0.014499999999999999 0.029120673655698235
-0.029 3.6932393825665916e-18 0.029120673655698235
-0.025114736709748727 -0.014499999999999992 0.029120673655698235
-0.014500000000000013 -0.025114736709748717 0.029120673655698235
-4.879447853788909e-18 -0.029 0.029120673655698235
0.014500000000000004 -0.02511473670974872 0.029120673655698235
0.025114736709748713 -0.014500000000000013 0.029120673655698235
24
0.029 1.4176366503926768e-19 0.029120673655698235
0.025114736709748713 -0.014500000000000013 0.029120673655698235
0.014500000000000004 -0.02511473670974872 0.029120673655698235
-4.879447853788909e-18 -0.029 0.029120673655698235
-0.014500000000000013 -0.025114736709748717 0.029120673655698235
-0.025114736709748727 -0.014499999999999992 0.029120673655698235
-0.029 3.6932393825665916e-18 0.029120673655698235
-0.025114736709748724 0.014499999999999999 0.029120673655698235
-0.014499999999999994 0.025114736709748724 0.029120673655698235
2.223503581265739e-18 0.029 0.029120673655698235
0.014500000000000004 0.02511473670974872 0.029120673655698235
0.025114736709748724 0.014499999999999999 0.029120673655698235
0.014 1.4176366503926768e-19 0.047120673655698234
0.012124355652982142 0.006999999999999999 0.047120673655698234
0.007000000000000003 0.01212435565298214 0.047120673655698234
1.3050184819052243e-18 0.014 0.047120673655698234
-0.006999999999999996 0.012124355652982142 0.047120673655698234
-0.012124355652982142 0.006999999999999999 0.047120673655698234
-0.014 1.8562691838455624e-18 0.047120673655698234
-0.012124355652982144 -0.006999999999999997 0.047120673655698234
-0.007000000000000005 -0.012124355652982139 0.047120673655698234
-2.1239925557073644e-18 -0.014 0.047120673655698234
0.007000000000000003 -0.01212435565298214 0.047120673655698234
0.012124355652982137 -0.007000000000000006 0.047120673655698234
24
0.014 1.4176366503926768e-19 0.07512067365569823
0.012124355652982142 0.006999999999999999 0.07512067365569823
0.007000000000000003 0.01212435565298214 0.07512067365569823
1.3050184819052243e-18 0.014 0.07512067365569823
-0.006999999999999996 0.012124355652982142 0.07512067365569823
-0.012124355652982142 0.006999999999999999 0.07512067365569823
-0.014 1.8562691838455624e-18 0.07512067365569823
-0.012124355652982144 -0.006999999999999997 0.07512067365569823
-0.007000000000000005 -0.012124355652982139 0.07512067365569823
-2.1239925557073644e-18 -0.014 0.07512067365569823
0.007000000000000003 -0.01212435565298214 0.07512067365569823
0.012124355652982137 -0.007000000000000006 0.07512067365569823
0.014 1.4176366503926768e-19 0.047120673655698234
0.012124355652982137 -0.007000000000000006 0.047120673655698234
0.007000000000000003 -0.01212435565298214 0.047120673655698234
-2.1239925557073644e-18 -0.014 0.047120673655698234
-0.007000000000000005 -0.012124355652982139 0.047120673655698234
-0.012124355652982144 -0.006999999999999997 0.047120673655698234
-0.014 1.8562691838455624e-18 0.047120673655698234
-0.012124355652982142 0.006999999999999999 0.047120673655698234
-0.006999999999999996 0.012124355652982142 0.047120673655698234
1.3050184819052243e-18 0.014 0.047120673655698234
0.007000000000000003 0.01212435565298214 0.047120673655698234
0.012124355652982142 0.006999999999999999 0.047120673655698234
1
24
0.063 2.4453479097897508e-18 0.0025
0.05455960043841964 0.03149999999999999 0.0025
0.03150000000000001 0.054559600438419634 0.0025
2.162566707118994e-18 0.063 0.0025
-0.031499999999999986 0.05455960043841964 0.0025
-0.05455960043841964 0.03149999999999999 0.0025
-0.063 1.0160622744418076e-17 0.0025
-0.05455960043841965 -0.03149999999999998 0.0025
-0.03150000000000003 -0.05455960043841963 0.0025
-1.3267982962137654e-17 -0.063 0.0025
0.03150000000000001 -0.054559600438419634 0.0025
0.05455960043841962 -0.03150000000000003 0.0025
0.03150000000000001 0.054559600438419634 -0.0025
2.162566707118994e-18 0.063 -0.0025
-0.031499999999999986 0.05455960043841964 -0.0025
0.063 2.4453479097897508e-18 -0.0025
0.05455960043841962 -0.03150000000000003 -0.0025
0.03150000000000001 -0.054559600438419634 -0.0025
-1.3267982962137654e-17 -0.063 -0.0025
-0.03150000000000003 -0.05455960043841963 -0.0025
-0.05455960043841965 -0.03149999999999998 -0.0025
-0.063 1.0160622744418076e-17 -0.0025
-0.05455960043841964 0.03149999999999999 -0.0025
0.05455960043841964 0.03149999999999999 -0.0025
1
16
0.011 -4.3944779894987816e-20 -0.055
0.00777817459305202 -0.007778174593052024 -0.055
-1.8229157090656873e-18 -0.011 -0.055
-0.007778174593052024 -0.007778174593052021 -0.055
-0.011 1.3031666991671006e-18 -0.055
-0.007778174593052021 0.007778174593052023 -0.055
8.713072490584894e-19 0.011 -0.055
0.007778174593052023 0.007778174593052021 -0.055
0.011 -4.3944779894987816e-20 0.055
0.007778174593052023 0.007778174593052021 0.055
8.713072490584894e-19 0.011 0.055
-0.007778174593052021 0.007778174593052023 0.055
-0.011 1.3031666991671006e-18 0.055
-0.007778174593052024 -0.007778174593052021 0.055
-1.8229157090656873e-18 -0.011 0.055
0.00777817459305202 -0.007778174593052024 0.055
1
16
0.0013467266619054076 -0.015206838009739359 0.0144375
-0.009646629074870667 -0.018615339366896785 0.0013125000000000003
0.008468491155602895 -0.01808319171099111 -0.006562500000000001
-0.015008944300414063 -0.00872116818105892 -0.0118125
-0.0009256208191025291 -0.007262453479122602 -0.0196875
0.007321186283175394 -0.00001535722046773829 0.0196875
-0.009013510667009868 0.008254119932435668 0.0170625
0.010577663118488151 0.01376372865204127 0.0118125
0.019700678232181898 0.0071743703169624366 -0.0013124999999999999
0.005665048336085057 0.018002683597966855 -0.009187500000000001
0.016844956482203927 -0.010722154915017688 0.006562500000000001
-0.018581426841872313 -0.003304537168626193 0.009187500000000001
-0.019053494775432896 0.00785521921422866 -0.0039375
-0.005341506951501951 0.019904985193365306 0.0039375
-0.007027345317640985 0.009999514397707611 -0.0170625
0.014907676017716538 -0.0032898010133045677 -0.0144375
4
0.13269499546809985 0 0.19460142123406643 0.025 0.29038999093619966 0.38920284246813286
-0.13269499546809985 0 0.19460142123406643 0.025 0.29038999093619966 0.38920284246813286
0 0.13269499546809985 0.19460142123406643 0.29038999093619966 0.025 0.38920284246813286
0 -0.13269499546809985 0.19460142123406643 0.29038999093619966 0.025 0.38920284246813286
0
6
0 0 0 0 0.5492028424681329 -0.021452444313582557 -0.44355885401492606 -0.6418380840712195 0.6251713441079367 0 0 0 0 0 0
1 0.4 0 0 0.5492028424681329 0.9689235236761371 0.07616649185024243 -0.19039817164219852 -0.13832717383635462 0 0 0 0 0 0
2 0.8 0 0 0.5492028424681329 -0.3675776752310831 -0.4475427292732286 0.5069513211183482 -0.63842972687896 0 0 0 0 0 0
3 1.2000000000000002 0 0 0.5492028424681329 -0.37894149914646597 0.24793494488332818 -0.4285349285003716 -0.7818499973687482 0 0 0 0 0 0
4 1.6 0 0 0.5492028424681329 0.3950670401238562 -0.6132559346725532 0.6629486611013617 -0.16833973131908117 0 0 0 0 0 0
5 2 0 0 0.5492028424681329 0.9018577437542329 -0.13983093555107382 0.14069820292487542 -0.3838019478678376 0 0 0 0 0 0
