0 3.6268770192249735 3.5679173333929803 3.0955588273498793 0.8526640386387585 0.7892162053914118 0.66570388493807997 0.31880434836124744 0.13488408991540832 0.16355046754240476
1 4.0176511080696482 3.7086010228335211 3.3222884162883624 0.88958551921355189 0.79913830799295649 0.68859204779886773 0.098883480534929055 0.040752378627207736 0.048875240772865702
2 2.7544653755978015 2.5427789832806917 2.2825121933406689 0.64073518670321539 0.060982905840140107 0.033064855166983334 0.21972043395003457 0.17471674703925044 0.17319244238524992
3 2.6232653168579692 2.2456156593623504 2.2989080964098423 0.047820332598776084 0.11587229213131214 0.50228107619628182 0.28257618468065138 0.17475363406856576 0.16974418634150182
4 0.052578583241548814 0.019800013622175816 0.07218038463947106 0.096257840654654578 0.056016017080831135 0.064153907584022146 0.39285215116109495 0.24301287136978519 0.24190009667046825
9 3.384890710553766 3.1243655337235423 2.8026382818971656 0.77514929470075444 0.073657647591735806 0.039482967747535812 0.21322295684901149 0.15793694230428704 0.12973527418912256
10 3.4011512640162467 3.1429725257282763 2.8175296896880075 0.039828934131277562 0.31376153872635176 0.069716762094645862 0.26824131336148738 0.16922823052701194 0.12630992907137051
13 1.5685863165496001 1.7691085471209984 2.0908475847100254 0.046514544288398393 0.20386136346529846 0.15780522176123138 0.41687225314728227 0.27836383753138733 0.41552109826094819
15 2.0617904356720245 0.65521250699392719 2.6217098112036163 0.49751004540304977 0.19277924123897316 0.60391488969537777 0.23399967050346832 0.25908980005934873 0.32433767498762583
24 2.095859918041354 1.9346399243458654 1.7331149322265043 0.024515327408817827 0.20255838309427757 0.044785328509170878 0.16270819052839042 0.20365284539473771 0.15797725920050701
25 0.35127025114917876 0.32424946259924192 0.29047347691182096 0.042301098312975356 0.042457343391688641 0.043470098348934366 0.016853903316269861 0.018199005769587939 0.022033026988846228
26 0 0 0 0.003955151018164277 0.0044681994448866197 0.0048754698479178812 0.03441959403514732 0.036039185690811458 0.035049749958666186
27 0 0 0 0.0035720458188845646 0.0041735796935941129 0.0061196537981675261 0.031085631513054882 0.033662869569196709 0.043994187843425861
28 0.043939841560971686 0.040389969078325129 0.036454887599091566 0.010077356736021833 0.0088861184485789519 0.0090891774913263394 0.04375808080038885 0.031282854593748521 0.028887203657189459
29 0.77371832203550539 0.71537621173912791 0.64152218492067592 0.090403164670697228 0.090504235322349219 0.091957323978579059 0.013012752938564015 0.014604381948160834 0.019558945888394876
30 0 0 0 0.00031194351726790599 0.0063878881897918571 0.005004866286753301 0.025520819498975753 0.025493068012948449 0.029247120075762943
edge 0 1 0.0609545231562705
edge 0 2 0.1688324436841229
edge 0 3 0.067880391159686138
edge 0 4 0.12399869563691847
edge 0 5 0.11743325394580856
edge 0 6 0.030503751360982809
edge 0 7 0.067584555328225632
edge 0 8 0.089227603411376949
edge 0 9 0.058537949433724798
edge 0 11 0.0017588379898903813
edge 0 12 9.6754640250664364e-06
edge 0 13 6.8730248969628037e-05
edge 1 0 0.01262677312959767
edge 1 2 0.092690604426136511
edge 1 3 0.053957990330414971
edge 1 4 0.10992503979534531
edge 1 5 0.018238253327017437
edge 1 6 0.026514044265641037
edge 1 7 3.6432279767506084e-05
edge 1 9 0.015076967729035155
edge 1 11 0.00020496446087292397
edge 2 0 0.050890106715712174
edge 2 1 0.13487353177221556
edge 2 3 0.062402243029056871
edge 2 4 0.15579341198659993
edge 2 5 0.046715793201747624
edge 2 6 0.020580930146655772
edge 2 7 0.0020705182025993352
edge 2 8 0.0024431205381268105
edge 2 11 0.00035414494429256876
edge 2 13 0.0016275231421646055
edge 2 14 5.8181011418255424e-05
edge 2 15 5.5586112223525529e-05
edge 3 0 0.035855198863907839
edge 3 1 0.13758691281782928
edge 3 2 0.10935296040715942
edge 3 4 0.14499295975486276
edge 3 5 0.020963279430326304
edge 3 6 0.0050738755786838815
edge 3 7 0.013119998793384723
edge 3 8 0.05569718607929916
edge 3 9 0.024383639953405953
edge 3 10 0.0013433140748566684
edge 3 11 0.0033504988158258768
edge 3 12 0.003447568346200101
edge 3 14 0.0015767960395140072
edge 3 15 0.001452534205364507
edge 4 0 0.04800437647435226
edge 4 1 0.20543475031341485
edge 4 2 0.20009459151443124
edge 4 3 0.10626807955493804
edge 4 5 0.04018571349944778
edge 4 6 0.026344783034463616
edge 4 7 0.0037520136542823768
edge 4 8 0.0060843135465466882
edge 4 9 0.01570116423513342
edge 4 10 5.341101667051735e-05
edge 4 12 1.4405586970375991e-05
edge 4 13 0.00036557453740101482
edge 4 14 0.00096837692011583201
edge 4 15 0.00046641522169724127
edge 5 0 0.084899526365911207
edge 5 1 0.063651842139759454
edge 5 2 0.11204705462420869
edge 5 3 0.028692315425722568
edge 5 4 0.075045065317277185
edge 5 6 0.07887230843538276
edge 5 7 0.0036807804439573429
edge 5 8 1.0844063155887836e-05
edge 5 9 0.0026521526337085566
edge 5 11 0.0021850507425461908
edge 5 13 0.0011704489032903357
edge 5 14 5.6722310708967076e-05
edge 5 15 8.6230989411305641e-06
edge 6 0 0.029306139782725026
edge 6 1 0.12296879072931886
edge 6 2 0.06559834884052608
edge 6 3 0.0092286330616426996
edge 6 4 0.065378699045840177
edge 6 5 0.10481314290342431
edge 6 9 0.15460858013637849
edge 6 11 0.0069267781872408484
edge 6 13 0.0023232057166932252
edge 6 14 0.00010116166302353591
edge 7 0 0.25265743864691353
edge 7 1 0.00065748301412674626
edge 7 2 0.025679480059871279
edge 7 3 0.092856139565010307
edge 7 4 0.036231417235026021
edge 7 5 0.019033136782452338
edge 7 8 0.32501730536934165
edge 7 11 0.005269313512459484
edge 8 0 0.22723135137410008
edge 8 2 0.020641272272520623
edge 8 3 0.26853103025101466
edge 8 4 0.040023668556888055
edge 8 5 3.8198550973965666e-05
edge 8 7 0.22140676168729781
edge 9 0 0.073243023341847277
edge 9 1 0.091066013169811527
edge 9 3 0.057758977369757082
edge 9 4 0.050745425432390148
edge 9 5 0.0045900043768544903
edge 9 6 0.20135248094433511
edge 9 11 0.0053600723314437982
edge 10 3 0.0086504972220294331
edge 10 4 0.00046928690263686263
edge 10 11 0.16237994916959439
edge 10 12 0.17899219053265319
edge 10 13 0.17197237400252563
edge 10 14 0.14756869457798938
edge 10 15 0.12743215050561921
edge 11 0 0.0049882135895761596
edge 11 1 0.0028061528872532068
edge 11 2 0.0033321365842456326
edge 11 3 0.017989573747288892
edge 11 5 0.0085716920091697211
edge 11 6 0.020447730844394885
edge 11 7 0.0039975013044725484
edge 11 9 0.01214957527726169
edge 11 10 0.13538803956054338
edge 11 12 0.14463447841895635
edge 11 13 0.14459304140570067
edge 11 14 0.099576651276976777
edge 11 15 0.093982510648238468
edge 12 0 3.8039869497944767e-05
edge 12 3 0.025660924633082231
edge 12 4 0.00014629667589115657
edge 12 10 0.20688547163823504
edge 12 11 0.20050252489704071
edge 12 13 0.18000027301564558
edge 12 14 0.20361536260905749
edge 12 15 0.14778179031974076
edge 13 0 0.00025981184585875986
edge 13 2 0.020410833915955526
edge 13 4 0.0035696304213990687
edge 13 5 0.0061199703457267395
edge 13 6 0.0091409921195783374
edge 13 10 0.19111660092216665
edge 13 11 0.19272551751919292
edge 13 12 0.17306808142752972
edge 13 14 0.17131987841589866
edge 13 15 0.17397562431071695
edge 14 2 0.00078662747144472389
edge 14 3 0.012165585595137418
edge 14 4 0.010194032442483885
edge 14 5 0.0003197459405858126
edge 14 6 0.00042911717128071126
edge 14 10 0.17680242924981887
edge 14 11 0.14308813098430778
edge 14 12 0.21106130728386199
edge 14 13 0.18469792815425559
edge 14 15 0.27484476557745824
edge 15 2 0.00053364619937750748
edge 15 3 0.0079576190552186829
edge 15 4 0.0034863707964411265
edge 15 5 3.4515468488875322e-05
edge 15 10 0.10841073353770878
edge 15 11 0.095894216445292155
edge 15 12 0.10877229293980317
edge 15 13 0.13318090087335374
edge 15 14 0.19515817517529718
