PACK1
1000 .5 0 0 -9.81 12 60 10 6
13
24
0.038 -5.335292611071861e-18 -0.03539395672481174
0.03290896534380866 -0.019000000000000024 -0.03539395672481174
0.019000000000000003 -0.032908965343808674 -0.03539395672481174
-6.980486755139913e-18 -0.038000000000000006 -0.03539395672481174
-0.019000000000000017 -0.03290896534380867 -0.03539395672481174
-0.032908965343808674 -0.018999999999999996 -0.03539395672481174
-0.038 -6.816347743119188e-19 -0.03539395672481174
-0.03290896534380867 0.01899999999999999 -0.03539395672481174
-0.018999999999999993 0.03290896534380866 -0.03539395672481174
2.326828918379971e-18 0.03799999999999999 -0.03539395672481174
0.019000000000000003 0.03290896534380866 -0.03539395672481174
0.03290896534380867 0.01899999999999999 -0.03539395672481174
0.038 -5.335292611071861e-18 -0.029393956724811737
0.03290896534380867 0.01899999999999999 -0.029393956724811737
0.019000000000000003 0.03290896534380866 -0.029393956724811737
2.326828918379971e-18 0.03799999999999999 -0.029393956724811737
-0.018999999999999993 0.03290896534380866 -0.029393956724811737
-0.03290896534380867 0.01899999999999999 -0.029393956724811737
-0.038 -6.816347743119188e-19 -0.029393956724811737
-0.032908965343808674 -0.018999999999999996 -0.029393956724811737
-0.019000000000000017 -0.03290896534380867 -0.029393956724811737
-6.980486755139913e-18 -0.038000000000000006 -0.029393956724811737
0.019000000000000003 -0.032908965343808674 -0.029393956724811737
0.03290896534380866 -0.019000000000000024 -0.029393956724811737
8
0.038 -5.335292611071861e-18 -0.029393956724811744
0.03290896534380867 0.01899999999999999 -0.029393956724811744
0.03723909236273086 0.021499999999999988 0.04460604327518826
0.043 -5.335292611071861e-18 0.04460604327518826
0.027712812921102038 0.01599999999999999 -0.029393956724811744
0.03204293994002423 0.01849999999999999 0.04460604327518826
0.032 -5.335292611071861e-18 -0.029393956724811744
0.037 -5.335292611071861e-18 0.04460604327518826
8
0.016000000000000004 0.027712812921102028 -0.029393956724811744
0.018500000000000003 0.03204293994002422 0.04460604327518826
0.021500000000000002 0.03723909236273085 0.04460604327518826
0.019000000000000003 0.03290896534380866 -0.029393956724811744
0.03290896534380867 0.01899999999999999 -0.029393956724811744
0.03723909236273086 0.021499999999999988 0.04460604327518826
0.027712812921102038 0.01599999999999999 -0.029393956724811744
0.03204293994002423 0.01849999999999999 0.04460604327518826
8
0.019000000000000003 0.03290896534380866 -0.029393956724811744
2.326828918379971e-18 0.03799999999999999 -0.029393956724811744
2.6329906181668093e-18 0.04299999999999999 0.04460604327518826
0.021500000000000002 0.03723909236273085 0.04460604327518826
1.959434878635765e-18 0.031999999999999994 -0.029393956724811744
2.2655965784226034e-18 0.03699999999999999 0.04460604327518826
0.016000000000000004 0.027712812921102028 -0.029393956724811744
0.018500000000000003 0.03204293994002422 0.04460604327518826
8
2.326828918379971e-18 0.03799999999999999 -0.029393956724811744
-0.018999999999999993 0.03290896534380866 -0.029393956724811744
-0.021499999999999988 0.037239092362730854 0.04460604327518826
2.6329906181668093e-18 0.04299999999999999 0.04460604327518826
1.959434878635765e-18 0.031999999999999994 -0.029393956724811744
2.2655965784226034e-18 0.03699999999999999 0.04460604327518826
-0.015999999999999993 0.02771281292110203 -0.029393956724811744
-0.018499999999999992 0.032042939940024225 0.04460604327518826
8
-0.018999999999999993 0.03290896534380866 -0.029393956724811744
-0.03290896534380867 0.01899999999999999 -0.029393956724811744
-0.03723909236273086 0.021499999999999988 0.04460604327518826
-0.021499999999999988 0.037239092362730854 0.04460604327518826
-0.015999999999999993 0.02771281292110203 -0.029393956724811744
-0.018499999999999992 0.032042939940024225 0.04460604327518826
-0.027712812921102038 0.01599999999999999 -0.029393956724811744
-0.03204293994002423 0.01849999999999999 0.04460604327518826
8
-0.03290896534380867 0.01899999999999999 -0.029393956724811744
-0.038 -6.816347743119188e-19 -0.029393956724811744
-0.043 -6.931137473824197e-20 0.04460604327518826
-0.03723909236273086 0.021499999999999988 0.04460604327518826
-0.027712812921102038 0.01599999999999999 -0.029393956724811744
-0.032 -1.4164228538003306e-18 -0.029393956724811744
-0.03204293994002423 0.01849999999999999 0.04460604327518826
-0.037 -8.040994542266538e-19 0.04460604327518826
8
-0.037 -8.040994542266538e-19 0.04460604327518826
-0.043 -6.931137473824197e-20 0.04460604327518826
-0.03723909236273087 -0.021499999999999995 0.04460604327518826
-0.03204293994002423 -0.018499999999999996 0.04460604327518826
-0.02771281292110204 -0.015999999999999997 -0.029393956724811744
-0.032908965343808674 -0.018999999999999996 -0.029393956724811744
-0.038 -6.816347743119188e-19 -0.029393956724811744
-0.032 -1.4164228538003306e-18 -0.029393956724811744
8
-0.03204293994002423 -0.018499999999999996 0.04460604327518826
-0.03723909236273087 -0.021499999999999995 0.04460604327518826
-0.02150000000000002 -0.03723909236273086 0.04460604327518826
-0.018500000000000016 -0.03204293994002423 0.04460604327518826
-0.02771281292110204 -0.015999999999999997 -0.029393956724811744
-0.032908965343808674 -0.018999999999999996 -0.029393956724811744
-0.016000000000000014 -0.027712812921102038 -0.029393956724811744
-0.019000000000000017 -0.03290896534380867 -0.029393956724811744
8
-0.018500000000000016 -0.03204293994002423 0.04460604327518826
-0.02150000000000002 -0.03723909236273086 0.04460604327518826
-7.898971854500428e-18 -0.043000000000000003 0.04460604327518826
-6.79678973526781e-18 -0.037000000000000005 0.04460604327518826
-5.8783046359072955e-18 -0.03200000000000001 -0.029393956724811744
-6.980486755139913e-18 -0.038000000000000006 -0.029393956724811744
-0.019000000000000017 -0.03290896534380867 -0.029393956724811744
-0.016000000000000014 -0.027712812921102038 -0.029393956724811744
8
-6.980486755139913e-18 -0.038000000000000006 -0.029393956724811744
0.019000000000000003 -0.032908965343808674 -0.029393956724811744
0.021500000000000002 -0.03723909236273086 0.04460604327518826
-7.898971854500428e-18 -0.043000000000000003 0.04460604327518826
-5.8783046359072955e-18 -0.03200000000000001 -0.029393956724811744
-6.79678973526781e-18 -0.037000000000000005 0.04460604327518826
0.016000000000000004 -0.02771281292110204 -0.029393956724811744
0.018500000000000003 -0.03204293994002423 0.04460604327518826
8
0.016000000000000004 -0.02771281292110204 -0.029393956724811744
0.019000000000000003 -0.032908965343808674 -0.029393956724811744
0.021500000000000002 -0.03723909236273086 0.04460604327518826
0.018500000000000003 -0.03204293994002423 0.04460604327518826
0.03290896534380866 -0.019000000000000024 -0.029393956724811744
0.03723909236273085 -0.021500000000000026 0.04460604327518826
0.027712812921102028 -0.01600000000000002 -0.029393956724811744
0.03204293994002422 -0.018500000000000023 0.04460604327518826
8
0.027712812921102028 -0.01600000000000002 -0.029393956724811744
0.03290896534380866 -0.019000000000000024 -0.029393956724811744
0.03723909236273085 -0.021500000000000026 0.04460604327518826
0.03204293994002422 -0.018500000000000023 0.04460604327518826
0.038 -1.4642608284591745e-17 -0.029393956724811744
0.043 -1.58672550837391e-17 0.04460604327518826
0.032 -1.3173032125614922e-17 -0.029393956724811744
0.037 -1.4397678924762275e-17 0.04460604327518826
13
24
0.034 3.7007181036038086e-18 -0.020632078892031037
0.029444863728670907 -0.01700000000000001 -0.020632078892031037
0.017000000000000005 -0.02944486372867091 -0.020632078892031037
-5.320878066451926e-18 -0.033999999999999996 -0.020632078892031037
-0.017000000000000015 -0.029444863728670907 -0.020632078892031037
-0.02944486372867092 -0.016999999999999987 -0.020632078892031037
-0.034 7.86451722070481e-18 -0.020632078892031037
-0.029444863728670917 0.017 -0.020632078892031037
-0.016999999999999994 0.02944486372867092 -0.020632078892031037
3.0067201677500757e-18 0.03400000000000001 -0.020632078892031037
0.017000000000000005 0.029444863728670917 -0.020632078892031037
0.029444863728670917 0.017 -0.020632078892031037
0.034 3.7007181036038086e-18 -0.014632078892031037
0.029444863728670917 0.017 -0.014632078892031037
0.017000000000000005 0.029444863728670917 -0.014632078892031037
3.0067201677500757e-18 0.03400000000000001 -0.014632078892031037
-0.016999999999999994 0.02944486372867092 -0.014632078892031037
-0.029444863728670917 0.017 -0.014632078892031037
-0.034 7.86451722070481e-18 -0.014632078892031037
-0.02944486372867092 -0.016999999999999987 -0.014632078892031037
-0.017000000000000015 -0.029444863728670907 -0.014632078892031037
-5.320878066451926e-18 -0.033999999999999996 -0.014632078892031037
0.017000000000000005 -0.02944486372867091 -0.014632078892031037
0.029444863728670907 -0.01700000000000001 -0.014632078892031037
8
0.059000000000000004 3.7007181036038086e-18 0.022367921107968966
0.065 3.7007181036038086e-18 0.022367921107968966
0.05629165124598852 0.0325 0.022367921107968966
0.05109549882328189 0.029500000000000002 0.022367921107968966
0.028000000000000004 3.7007181036038086e-18 -0.014632078892031037
0.034 3.7007181036038086e-18 -0.014632078892031037
0.024248711305964288 0.014000000000000004 -0.014632078892031037
0.029444863728670917 0.017 -0.014632078892031037
8
0.029444863728670917 0.017 -0.014632078892031037
0.017000000000000005 0.029444863728670917 -0.014632078892031037
0.03250000000000001 0.05629165124598852 0.022367921107968966
0.05629165124598852 0.0325 0.022367921107968966
0.014000000000000007 0.024248711305964288 -0.014632078892031037
0.02950000000000001 0.05109549882328189 0.022367921107968966
0.024248711305964288 0.014000000000000004 -0.014632078892031037
0.05109549882328189 0.029500000000000002 0.022367921107968966
8
0.017000000000000005 0.029444863728670917 -0.014632078892031037
3.0067201677500757e-18 0.03400000000000001 -0.014632078892031037
4.9049227064284736e-18 0.065 0.022367921107968966
0.03250000000000001 0.05629165124598852 0.022367921107968966
2.63932612800587e-18 0.028000000000000008 -0.014632078892031037
4.537528666684268e-18 0.05900000000000001 0.022367921107968966
0.014000000000000007 0.024248711305964288 -0.014632078892031037
0.02950000000000001 0.05109549882328189 0.022367921107968966
8
3.0067201677500757e-18 0.03400000000000001 -0.014632078892031037
-0.016999999999999994 0.02944486372867092 -0.014632078892031037
-0.03249999999999999 0.056291651245988526 0.022367921107968966
4.9049227064284736e-18 0.065 0.022367921107968966
2.63932612800587e-18 0.028000000000000008 -0.014632078892031037
4.537528666684268e-18 0.05900000000000001 0.022367921107968966
-0.013999999999999993 0.02424871130596429 -0.014632078892031037
-0.029499999999999988 0.0510954988232819 0.022367921107968966
8
-0.029499999999999988 0.0510954988232819 0.022367921107968966
-0.03249999999999999 0.056291651245988526 0.022367921107968966
-0.05629165124598852 0.0325 0.022367921107968966
-0.05109549882328189 0.029500000000000002 0.022367921107968966
-0.013999999999999993 0.02424871130596429 -0.014632078892031037
-0.016999999999999994 0.02944486372867092 -0.014632078892031037
-0.029444863728670917 0.017 -0.014632078892031037
-0.024248711305964288 0.014000000000000004 -0.014632078892031037
8
-0.029444863728670917 0.017 -0.014632078892031037
-0.034 7.86451722070481e-18 -0.014632078892031037
-0.065 1.1660922298061606e-17 0.022367921107968966
-0.05629165124598852 0.0325 0.022367921107968966
-0.024248711305964288 0.014000000000000004 -0.014632078892031037
-0.05109549882328189 0.029500000000000002 0.022367921107968966
-0.028000000000000004 7.129729141216398e-18 -0.014632078892031037
-0.059000000000000004 1.0926134218573193e-17 0.022367921107968966
8
-0.059000000000000004 1.0926134218573193e-17 0.022367921107968966
-0.065 1.1660922298061606e-17 0.022367921107968966
-0.056291651245988526 -0.03249999999999997 0.022367921107968966
-0.05109549882328189 -0.02949999999999998 0.022367921107968966
-0.02424871130596429 -0.013999999999999992 -0.014632078892031037
-0.02944486372867092 -0.016999999999999987 -0.014632078892031037
-0.034 7.86451722070481e-18 -0.014632078892031037
-0.028000000000000004 7.129729141216398e-18 -0.014632078892031037
8
-0.05109549882328189 -0.02949999999999998 0.022367921107968966
-0.056291651245988526 -0.03249999999999997 0.022367921107968966
-0.03250000000000003 -0.0562916512459885 0.022367921107968966
-0.02950000000000003 -0.05109549882328187 0.022367921107968966
-0.02424871130596429 -0.013999999999999992 -0.014632078892031037
-0.02944486372867092 -0.016999999999999987 -0.014632078892031037
-0.014000000000000012 -0.024248711305964277 -0.014632078892031037
-0.017000000000000015 -0.029444863728670907 -0.014632078892031037
8
-0.02950000000000003 -0.05109549882328187 0.022367921107968966
-0.03250000000000003 -0.0562916512459885 0.022367921107968966
-1.1015485682487118e-17 -0.065 0.022367921107968966
-9.9133035632545e-18 -0.059 0.022367921107968966
-4.2186959472193084e-18 -0.028 -0.014632078892031037
-5.320878066451926e-18 -0.033999999999999996 -0.014632078892031037
-0.017000000000000015 -0.029444863728670907 -0.014632078892031037
-0.014000000000000012 -0.024248711305964277 -0.014632078892031037
8
-5.320878066451926e-18 -0.033999999999999996 -0.014632078892031037
0.017000000000000005 -0.02944486372867091 -0.014632078892031037
0.03250000000000001 -0.056291651245988505 0.022367921107968966
-1.1015485682487118e-17 -0.065 0.022367921107968966
-4.2186959472193084e-18 -0.028 -0.014632078892031037
-9.9133035632545e-18 -0.059 0.022367921107968966
0.014000000000000007 -0.02424871130596428 -0.014632078892031037
0.02950000000000001 -0.051095498823281876 0.022367921107968966
8
0.017000000000000005 -0.02944486372867091 -0.014632078892031037
0.029444863728670907 -0.01700000000000001 -0.014632078892031037
0.0562916512459885 -0.03250000000000002 0.022367921107968966
0.03250000000000001 -0.056291651245988505 0.022367921107968966
0.014000000000000007 -0.02424871130596428 -0.014632078892031037
0.024248711305964277 -0.01400000000000001 -0.014632078892031037
0.02950000000000001 -0.051095498823281876 0.022367921107968966
0.05109549882328187 -0.029500000000000026 0.022367921107968966
8
0.05109549882328187 -0.029500000000000026 0.022367921107968966
0.0562916512459885 -0.03250000000000002 0.022367921107968966
0.065 -1.2219690285311784e-17 0.022367921107968966
0.059000000000000004 -1.075011412633496e-17 0.022367921107968966
0.029444863728670907 -0.01700000000000001 -0.014632078892031037
0.034 -4.626880130598193e-18 -0.014632078892031037
0.028000000000000004 -3.1573039716213704e-18 -0.014632078892031037
0.024248711305964277 -0.01400000000000001 -0.014632078892031037
3
24
0.029 1.4176366503926768e-19 -0.04887932634430177
0.025114736709748713 -0.014500000000000013 -0.04887932634430177
0.014500000000000004 -0.02511473670974872 -0.04887932634430177
-4.879447853788909e-18 -0.029 -0.04887932634430177
-0.014500000000000013 -0.025114736709748717 -0.04887932634430177
-0.025114736709748727 -0.014499999999999992 -0.04887932634430177
-0.029 3.6932393825665916e-18 -0.04887932634430177
-0.025114736709748724 0.014499999999999999 -0.04887932634430177
-0.014499999999999994 0.025114736709748724 -0.04887932634430177
2.223503581265739e-18 0.029 -0.04887932634430177
0.014500000000000004 0.02511473670974872 -0.04887932634430177
0.025114736709748724 0.014499999999999999 -0.04887932634430177
0.029 1.4176366503926768e-19 0.029120673655698235
0.025114736709748724 0.014499999999999999 0.029120673655698235
0.014500000000000004 0.02511473670974872 0.029120673655698235
2.223503581265739e-18 0.029 0.029120673655698235
-0.014499999999999994 0.025114736709748724 0.029120673655698235
-0.025114736709748724 0.014499999999999999 0.029120673655698235
-0.029 3.6932393825665916e-18 0.029120673655698235
-0.025114736709748727 -0.014499999999999992 0.029120673655698235
-0.014500000000000013 -0.025114736709748717 0.029120673655698235
-4.879447853788909e-18 -0.029 0.029120673655698235
0.014500000000000004 -0.02511473670974872 0.029120673655698235
0.025114736709748713 -0.014500000000000013 0.029120673655698235
24
0.029 1.4176366503926768e-19 0.029120673655698235
0.025114736709748713 -0.014500000000000013 0.029120673655698235
0.014500000000000004 -0.02511473670974872 0.029120673655698235
-4.879447853788909e-18 -0.029 0.029120673655698235
-0.014500000000000013 -0.025114736709748717 0.029120673655698235
-0.025114736709748727 -0.014499999999999992 0.029120673655698235
-0.029 3.6932393825665916e-18 0.029120673655698235
-0.025114736709748724 0.014499999999999999 0.029120673655698235
-0.014499999999999994 0.025114736709748724 0.029120673655698235
2.223503581265739e-18 0.029 0.029120673655698235
0.014500000000000004 0.02511473670974872 0.029120673655698235
0.025114736709748724 0.014499999999999999 0.029120673655698235
0.014 1.4176366503926768e-19 0.047120673655698234
0.012124355652982142 0.006999999999999999 0.047120673655698234
0.007000000000000003 0.01212435565298214 0.047120673655698234
1.3050184819052243e-18 0.014 0.047120673655698234
-0.006999999999999996 0.012124355652982142 0.047120673655698234
-0.012124355652982142 0.006999999999999999 0.047120673655698234
-0.014 1.8562691838455624e-18 0.047120673655698234
-0.012124355652982144 -0.006999999999999997 0.047120673655698234
-0.007000000000000005 -0.012124355652982139 0.047120673655698234
-2.1239925557073644e-18 -0.014 0.047120673655698234
0.007000000000000003 -0.01212435565298214 0.047120673655698234
0.012124355652982137 -0.007000000000000006 0.047120673655698234
24
0.014 1.4176366503926768e-19 0.07512067365569823
0.012124355652982142 0.006999999999999999 0.07512067365569823
0.007000000000000003 0.01212435565298214 0.07512067365569823
1.3050184819052243e-18 0.014 0.07512067365569823
-0.006999999999999996 0.012124355652982142 0.07512067365569823
-0.012124355652982142 0.006999999999999999 0.07512067365569823
-0.014 1.8562691838455624e-18 0.07512067365569823
-0.012124355652982144 -0.006999999999999997 0.07512067365569823
-0.007000000000000005 -0.012124355652982139 0.07512067365569823
-2.1239925557073644e-18 -0.014 0.07512067365569823
0.007000000000000003 -0.01212435565298214 0.07512067365569823
0.012124355652982137 -0.007000000000000006 0.07512067365569823
0.014 1.4176366503926768e-19 0.047120673655698234
0.012124355652982137 -0.007000000000000006 0.047120673655698234
0.007000000000000003 -0.01212435565298214 0.047120673655698234
-2.1239925557073644e-18 -0.014 0.047120673655698234
-0.007000000000000005 -0.012124355652982139 0.047120673655698234
-0.012124355652982144 -0.006999999999999997 0.047120673655698234
-0.014 1.8562691838455624e-18 0.047120673655698234
-0.012124355652982142 0.006999999999999999 0.047120673655698234
-0.006999999999999996 0.012124355652982142 0.047120673655698234
1.3050184819052243e-18 0.014 0.047120673655698234
0.007000000000000003 0.01212435565298214 0.047120673655698234
0.012124355652982142 0.006999999999999999 0.047120673655698234
1
24
0.063 2.4453479097897508e-18 0.0025
0.05455960043841964 0.03149999999999999 0.0025
0.03150000000000001 0.054559600438419634 0.0025
2.162566707118994e-18 0.063 0.0025
-0.031499999999999986 0.05455960043841964 0.0025
-0.05455960043841964 0.03149999999999999 0.0025
-0.063 1.0160622744418076e-17 0.0025
-0.05455960043841965 -0.03149999999999998 0.0025
-0.03150000000000003 -0.05455960043841963 0.0025
-1.3267982962137654e-17 -0.063 0.0025
0.03150000000000001 -0.054559600438419634 0.0025
0.05455960043841962 -0.03150000000000003 0.0025
0.03150000000000001 0.054559600438419634 -0.0025
2.162566707118994e-18 0.063 -0.0025
-0.031499999999999986 0.05455960043841964 -0.0025
0.063 2.4453479097897508e-18 -0.0025
0.05455960043841962 -0.03150000000000003 -0.0025
0.03150000000000001 -0.054559600438419634 -0.0025
-1.3267982962137654e-17 -0.063 -0.0025
-0.03150000000000003 -0.05455960043841963 -0.0025
-0.05455960043841965 -0.03149999999999998 -0.0025
-0.063 1.0160622744418076e-17 -0.0025
-0.05455960043841964 0.03149999999999999 -0.0025
0.05455960043841964 0.03149999999999999 -0.0025
1
16
0.011 -4.3944779894987816e-20 -0.055
0.00777817459305202 -0.007778174593052024 -0.055
-1.8229157090656873e-18 -0.011 -0.055
-0.007778174593052024 -0.007778174593052021 -0.055
-0.011 1.3031666991671006e-18 -0.055
-0.007778174593052021 0.007778174593052023 -0.055
8.713072490584894e-19 0.011 -0.055
0.007778174593052023 0.007778174593052021 -0.055
0.011 -4.3944779894987816e-20 0.055
0.007778174593052023 0.007778174593052021 0.055
8.713072490584894e-19 0.011 0.055
-0.007778174593052021 0.007778174593052023 0.055
-0.011 1.3031666991671006e-18 0.055
-0.007778174593052024 -0.007778174593052021 0.055
-1.8229157090656873e-18 -0.011 0.055
0.00777817459305202 -0.007778174593052024 0.055
1
16
0.0013467266619054076 -0.015206838009739359 0.0144375
-0.009646629074870667 -0.018615339366896785 0.0013125000000000003
0.008468491155602895 -0.01808319171099111 -0.006562500000000001
-0.015008944300414063 -0.00872116818105892 -0.0118125
-0.0009256208191025291 -0.007262453479122602 -0.0196875
0.007321186283175394 -0.00001535722046773829 0.0196875
-0.009013510667009868 0.008254119932435668 0.0170625
0.010577663118488151 0.01376372865204127 0.0118125
0.019700678232181898 0.0071743703169624366 -0.0013124999999999999
0.005665048336085057 0.018002683597966855 -0.009187500000000001
0.016844956482203927 -0.010722154915017688 0.006562500000000001
-0.018581426841872313 -0.003304537168626193 0.009187500000000001
-0.019053494775432896 0.00785521921422866 -0.0039375
-0.005341506951501951 0.019904985193365306 0.0039375
-0.007027345317640985 0.009999514397707611 -0.0170625
0.014907676017716538 -0.0032898010133045677 -0.0144375
4
0.5416668409558467 0 0.8567463139285139 0.025 1.1083336819116936 1.7134926278570277
-0.5416668409558467 0 0.8567463139285139 0.025 1.1083336819116936 1.7134926278570277
0 0.5416668409558467 0.8567463139285139 1.1083336819116936 0.025 1.7134926278570277
0 -0.5416668409558467 0.8567463139285139 1.1083336819116936 0.025 1.7134926278570277
0
512
0 0 -0.44999999999999996 -0.44999999999999996 1.8734926278570276 -0.31391618008487304 -0.4466703792423926 -0.6959576511561114 -0.4664602362320362 0 0 0 0 0 0
1 0 -0.3 -0.44999999999999996 1.8734926278570276 0.8924010635434511 0.24552767703993394 -0.1961812066018993 0.3238046259245136 0 0 0 0 0 0
2 0 -0.15 -0.44999999999999996 1.8734926278570276 0.831840945040166 0.5430026773853768 0.10913062262665407 -0.0357664886746618 0 0 0 0 0 0
3 0 0 -0.44999999999999996 1.8734926278570276 -0.7168813433949678 -0.5589934902730715 -0.0406880446263286 -0.41467083373326574 0 0 0 0 0 0
4 0 0.15 -0.44999999999999996 1.8734926278570276 -0.9991467617244577 -0.018560243735408 -0.012420228204841273 -0.0347419604995422 0 0 0 0 0 0
5 0 0.3 -0.44999999999999996 1.8734926278570276 -0.6994432961996064 -0.48397809416839394 -0.312316057239199 0.4230874143213434 0 0 0 0 0 0
0 0 0.44999999999999996 -0.44999999999999996 1.8734926278570276 0.38164299223086895 0.15418647481964062 0.8916018017155379 0.18873628331978964 0 0 0 0 0 0
1 0 -0.44999999999999996 -0.3 1.8734926278570276 -0.7998774714829682 -0.4898818576772873 -0.11519447294196214 0.32701992223148585 0 0 0 0 0 0
2 0 -0.3 -0.3 1.8734926278570276 0.03108414374263924 0.4988916651157341 0.8133831853166663 -0.2975712962131107 0 0 0 0 0 0
3 0 -0.15 -0.3 1.8734926278570276 0.9710637395376851 -0.053314193222890216 0.1380113637374678 -0.18747179530639693 0 0 0 0 0 0
4 0 0 -0.3 1.8734926278570276 0.9951810086870259 0.06615155470483282 -0.031903418416238456 0.06496848199062114 0 0 0 0 0 0
5 0 0.15 -0.3 1.8734926278570276 -0.20952955434528447 -0.33412591284266824 -0.6126472876856651 0.6849237483941684 0 0 0 0 0 0
0 0 0.3 -0.3 1.8734926278570276 -0.6104526590613376 0.46228104776485407 0.2036974131550536 0.6100419229826017 0 0 0 0 0 0
1 0 0.44999999999999996 -0.3 1.8734926278570276 0.8463267030833191 -0.08948287475005205 -0.4108790730407996 -0.3269591933433272 0 0 0 0 0 0
2 0 -0.44999999999999996 -0.15 1.8734926278570276 -0.36580213712765625 -0.48705046560755655 -0.616906748005772 -0.4983941258574832 0 0 0 0 0 0
3 0 -0.3 -0.15 1.8734926278570276 0.410368393973652 -0.18579143199281672 0.872792569510746 0.18791608667800083 0 0 0 0 0 0
4 0 -0.15 -0.15 1.8734926278570276 0.9796240724131027 -0.08315924868277216 0.017116855650062938 0.18201161874984761 0 0 0 0 0 0
5 0 0 -0.15 1.8734926278570276 -0.5062478526607195 0.1758279480085897 0.8439263046377226 0.02420819522428371 0 0 0 0 0 0
0 0 0.15 -0.15 1.8734926278570276 -0.9057586859264075 0.2059346524836821 -0.3053024006952629 0.20972020862330273 0 0 0 0 0 0
1 0 0.3 -0.15 1.8734926278570276 0.8440965137519554 -0.3838716185339261 0.37366642653551757 -0.022738901383216596 0 0 0 0 0 0
2 0 0.44999999999999996 -0.15 1.8734926278570276 0.4416601758042728 -0.029800775798168012 -0.6210102823620235 0.646834161181215 0 0 0 0 0 0
3 0 -0.44999999999999996 0 1.8734926278570276 -0.8632919408544538 -0.3193483824067423 -0.28726688334412487 0.26499315697523274 0 0 0 0 0 0
4 0 -0.3 0 1.8734926278570276 0.9674746320921221 -0.023898051354492925 0.09176774345665775 -0.23452164220076557 0 0 0 0 0 0
5 0 -0.15 0 1.8734926278570276 -0.7294483680932199 -0.25469507926068474 -0.6199291630211199 -0.13683321132848433 0 0 0 0 0 0
0 0 0 0 1.8734926278570276 -0.433560301766506 0.09871600919992002 0.7632805875579198 -0.4687039139126259 0 0 0 0 0 0
1 0 0.15 0 1.8734926278570276 0.30077555577782783 -0.21412802377275011 -0.6454920138885897 0.6685980216002498 0 0 0 0 0 0
2 0 0.3 0 1.8734926278570276 -0.102838598885645 0.7791127440287738 -0.35575193796243854 0.5058143071396473 0 0 0 0 0 0
3 0 0.44999999999999996 0 1.8734926278570276 -0.7028477736527747 -0.23684200996799457 -0.3657790110326813 0.5622424605751614 0 0 0 0 0 0
4 0 -0.44999999999999996 0.15 1.8734926278570276 -0.1635791262386488 0.3920543054389895 0.7536523359653896 0.5015410726347974 0 0 0 0 0 0
5 0 -0.3 0.15 1.8734926278570276 0.21099686678995178 0.37666968005643087 0.863428636434184 0.26094302848785844 0 0 0 0 0 0
0 0 -0.15 0.15 1.8734926278570276 0.32087006243264704 -0.5354402120198015 -0.6834678638999676 -0.3784413579442326 0 0 0 0 0 0
1 0 0 0.15 1.8734926278570276 0.2765004392965964 -0.4783277086908418 0.8299051873552524 -0.0775080006722004 0 0 0 0 0 0
2 0 0.15 0.15 1.8734926278570276 -0.9883006295336254 -0.06445167248986766 0.10878386272366371 0.08528727213141259 0 0 0 0 0 0
3 0 0.3 0.15 1.8734926278570276 0.6164039171151013 0.39711628370147417 0.3056645392217508 -0.6073829579817369 0 0 0 0 0 0
4 0 0.44999999999999996 0.15 1.8734926278570276 0.5296437502411946 -0.5110036832089508 0.4351370987333129 -0.5186602345305495 0 0 0 0 0 0
5 0 -0.44999999999999996 0.3 1.8734926278570276 0.8738858386045726 0.4062706188247159 -0.2523216956918275 0.08718650841366551 0 0 0 0 0 0
0 0 -0.3 0.3 1.8734926278570276 -0.9999730895945351 -0.0018681460878415446 0.0057187165292646456 0.0041983804272898075 0 0 0 0 0 0
1 0 -0.15 0.3 1.8734926278570276 -0.9741652767640187 0.2256387815553587 0.007719055626282945 0.005437829138040694 0 0 0 0 0 0
2 0 0 0.3 1.8734926278570276 -0.7841347963116309 0.2741723453809097 0.43310799566203506 0.3498279724882833 0 0 0 0 0 0
3 0 0.15 0.3 1.8734926278570276 -0.9503423453526216 0.11160994354394423 -0.20552457177313072 -0.20531024701477366 0 0 0 0 0 0
4 0 0.3 0.3 1.8734926278570276 0.46752464485478984 -0.7804859979091541 -0.2679643380588104 -0.3169501964818104 0 0 0 0 0 0
5 0 0.44999999999999996 0.3 1.8734926278570276 0.011236329056854974 -0.04963238920969624 -0.9156200911877121 0.3988110072002392 0 0 0 0 0 0
0 0 -0.44999999999999996 0.44999999999999996 1.8734926278570276 -0.9804704084289055 -0.03165973757771121 -0.15518024786658313 0.11659558260856777 0 0 0 0 0 0
1 0 -0.3 0.44999999999999996 1.8734926278570276 0.09108336260355457 -0.47742901136190735 -0.7224714359258145 0.49173202502797475 0 0 0 0 0 0
2 0 -0.15 0.44999999999999996 1.8734926278570276 -0.39728254410139174 0.13775073967057974 -0.7024459885279736 0.5742481580932516 0 0 0 0 0 0
3 0 0 0.44999999999999996 1.8734926278570276 -0.8511332701207728 0.11341338829929361 -0.39100722936767907 0.33139539289224385 0 0 0 0 0 0
4 0 0.15 0.44999999999999996 1.8734926278570276 -0.21129519717528447 -0.21147802401116522 -0.9317779119625528 -0.20596433620822832 0 0 0 0 0 0
5 0 0.3 0.44999999999999996 1.8734926278570276 0.19406157485490028 0.487280990337972 -0.44853896470724963 -0.7236782011083586 0 0 0 0 0 0
0 0 0.44999999999999996 0.44999999999999996 1.8734926278570276 0.8905761255305691 -0.27811745965194384 -0.04642324654866853 0.35688895395009224 0 0 0 0 0 0
1 0.4 -0.44999999999999996 -0.44999999999999996 1.8734926278570276 0.16429457037748116 0.8366139346597974 -0.15562345742047878 0.4988644685463456 0 0 0 0 0 0
2 0.4 -0.3 -0.44999999999999996 1.8734926278570276 -0.7356654158199101 0.4475938289059946 0.4905470184895839 -0.1334907597654987 0 0 0 0 0 0
3 0.4 -0.15 -0.44999999999999996 1.8734926278570276 -0.8436097207244512 0.23536001392078615 -0.36031834749469305 -0.3210903165857147 0 0 0 0 0 0
4 0.4 0 -0.44999999999999996 1.8734926278570276 -0.9598794487079532 0.24936859042454002 0.047380044075805865 0.11917164713625754 0 0 0 0 0 0
5 0.4 0.15 -0.44999999999999996 1.8734926278570276 0.9046242860650053 -0.4217024729166719 -0.010129421049599154 -0.06098622981085889 0 0 0 0 0 0
0 0.4 0.3 -0.44999999999999996 1.8734926278570276 0.10703704854477222 -0.4731355702018351 -0.8714763040021849 0.07221394609976585 0 0 0 0 0 0
1 0.4 0.44999999999999996 -0.44999999999999996 1.8734926278570276 0.013627526127185055 -0.5619270831787662 0.0674304722340928 -0.8243211601894885 0 0 0 0 0 0
2 0.4 -0.44999999999999996 -0.3 1.8734926278570276 -0.42148272197511727 -0.14091651599842497 -0.4805920779737021 -0.7559934557813517 0 0 0 0 0 0
3 0.4 -0.3 -0.3 1.8734926278570276 0.9439022952582807 -0.32501991995390445 0.003025485906504043 0.05832113745749874 0 0 0 0 0 0
4 0.4 -0.15 -0.3 1.8734926278570276 0.9994267690476627 -0.017704917977698447 -0.026486736564727106 0.011450850470756821 0 0 0 0 0 0
5 0.4 0 -0.3 1.8734926278570276 -0.9588168154656947 0.263322434152217 -0.047330875244467815 0.09534882432923726 0 0 0 0 0 0
0 0.4 0.15 -0.3 1.8734926278570276 -0.9424289148503198 0.15265906022720335 -0.12601567949045042 0.26952365444828025 0 0 0 0 0 0
1 0.4 0.3 -0.3 1.8734926278570276 0.4022230583999478 0.6507513830521808 0.1644903130795681 -0.6226412977389563 0 0 0 0 0 0
2 0.4 0.44999999999999996 -0.3 1.8734926278570276 0.1027266024360229 0.9158175508971604 0.22495437713237856 0.3164190051650849 0 0 0 0 0 0
3 0.4 -0.44999999999999996 -0.15 1.8734926278570276 0.23207560533812044 -0.3367863559044658 0.6005961669550193 0.6870226401818751 0 0 0 0 0 0
4 0.4 -0.3 -0.15 1.8734926278570276 0.055883564321701856 0.2784824941339441 -0.1538858891211646 -0.9463845205988043 0 0 0 0 0 0
5 0.4 -0.15 -0.15 1.8734926278570276 0.06456197650868159 -0.07551246764980672 0.9945153290947171 0.03269370909450586 0 0 0 0 0 0
0 0.4 0 -0.15 1.8734926278570276 -0.5882612803289582 0.4071924733622819 -0.45632795396392 0.5290630908823112 0 0 0 0 0 0
1 0.4 0.15 -0.15 1.8734926278570276 0.6623378296144979 -0.07029230449598627 0.5135895884963132 -0.5409189643360525 0 0 0 0 0 0
2 0.4 0.3 -0.15 1.8734926278570276 -0.5760817117687107 0.3995302508682302 -0.6968243958943181 -0.15146353123217388 0 0 0 0 0 0
3 0.4 0.44999999999999996 -0.15 1.8734926278570276 0.38598869561176785 -0.033368779900721686 0.07482646118047297 -0.9188581240295318 0 0 0 0 0 0
4 0.4 -0.44999999999999996 0 1.8734926278570276 0.7704067910497485 0.30587530540772107 0.4757708398442436 -0.2942036400183821 0 0 0 0 0 0
5 0.4 -0.3 0 1.8734926278570276 -0.13276602088157843 -0.6384911448790809 -0.1816201646323428 -0.7360138296317491 0 0 0 0 0 0
0 0.4 -0.15 0 1.8734926278570276 0.8397321688573901 -0.48104229435339496 -0.24571697251669086 -0.05541989756862914 0 0 0 0 0 0
1 0.4 0 0 1.8734926278570276 0.7439333617940511 -0.3417563652933779 0.5063058829751033 0.2709614231879915 0 0 0 0 0 0
2 0.4 0.15 0 1.8734926278570276 -0.28930837386996117 -0.8257634412452152 -0.3210948703049065 -0.36237203006779406 0 0 0 0 0 0
3 0.4 0.3 0 1.8734926278570276 -0.6180994433924073 0.6095189273780665 -0.4106347507988171 -0.27896031381234343 0 0 0 0 0 0
4 0.4 0.44999999999999996 0 1.8734926278570276 0.7363592259187678 -0.38429571994338024 -0.4551822328618452 -0.320781896191816 0 0 0 0 0 0
5 0.4 -0.44999999999999996 0.15 1.8734926278570276 -0.992496139396281 0.11565598337795742 -0.007386072870359121 0.038994265218227034 0 0 0 0 0 0
0 0.4 -0.3 0.15 1.8734926278570276 -0.9900520355468707 0.0654884480296001 0.10151206527729653 0.07213550226698388 0 0 0 0 0 0
1 0.4 -0.15 0.15 1.8734926278570276 0.029190013844945885 -0.37688095731615634 0.7805396684633656 -0.497861941766278 0 0 0 0 0 0
2 0.4 0 0.15 1.8734926278570276 0.9686855876252775 -0.035347171188753856 -0.15060472347626147 -0.19420872040838608 0 0 0 0 0 0
3 0.4 0.15 0.15 1.8734926278570276 0.8139260720413157 -0.3313278373746749 0.027722102821798256 -0.47642176529536684 0 0 0 0 0 0
4 0.4 0.3 0.15 1.8734926278570276 -0.2756437621414798 -0.6202908874041024 -0.06343802516125094 0.7315978050538172 0 0 0 0 0 0
5 0.4 0.44999999999999996 0.15 1.8734926278570276 0.22563073738256118 -0.6219987680708461 -0.5261189239951737 -0.5342351361345603 0 0 0 0 0 0
0 0.4 -0.44999999999999996 0.3 1.8734926278570276 -0.5779424505111306 0.35409621843151484 0.6765442611624812 -0.2878997302496179 0 0 0 0 0 0
1 0.4 -0.3 0.3 1.8734926278570276 -0.7180203164272839 0.5575476942166109 -0.41615533764260726 -0.020053149951343312 0 0 0 0 0 0
2 0.4 -0.15 0.3 1.8734926278570276 -0.8740241041353708 0.2610104540644118 0.3151024063273606 -0.26204175580651096 0 0 0 0 0 0
3 0.4 0 0.3 1.8734926278570276 0.9615023105177254 0.18164773354224747 -0.20276774964802005 0.03745193547359328 0 0 0 0 0 0
4 0.4 0.15 0.3 1.8734926278570276 -0.8896386596214073 -0.23362329155606124 0.05709757818061135 -0.38820494524857135 0 0 0 0 0 0
5 0.4 0.3 0.3 1.8734926278570276 0.7306983009661491 -0.18828001783466625 -0.4501867927450201 -0.47745416480256303 0 0 0 0 0 0
0 0.4 0.44999999999999996 0.3 1.8734926278570276 0.6624248742682528 0.018497402309727875 0.2081594718615744 0.7193891619511598 0 0 0 0 0 0
1 0.4 -0.44999999999999996 0.44999999999999996 1.8734926278570276 -0.053194343638146936 0.3248026097776383 -0.9364714452082605 -0.12122235270812905 0 0 0 0 0 0
2 0.4 -0.3 0.44999999999999996 1.8734926278570276 0.5605609539023695 -0.12314077376864398 0.7037406365546819 -0.41875635309489495 0 0 0 0 0 0
3 0.4 -0.15 0.44999999999999996 1.8734926278570276 -0.7270967629459302 0.502486865575333 -0.17493607599842803 -0.43386013478089847 0 0 0 0 0 0
4 0.4 0 0.44999999999999996 1.8734926278570276 0.9518505652422419 0.07009897970681173 -0.27209462966508813 0.12260157829125669 0 0 0 0 0 0
5 0.4 0.15 0.44999999999999996 1.8734926278570276 -0.9720736128814026 -0.13505115755483144 0.1389784461545027 0.13235961426083506 0 0 0 0 0 0
0 0.4 0.3 0.44999999999999996 1.8734926278570276 0.7269354170319493 0.5517238043801428 -0.19602763102898965 0.35880204990781517 0 0 0 0 0 0
1 0.4 0.44999999999999996 0.44999999999999996 1.8734926278570276 0.9645505378503509 -0.2532178837683746 -0.012788259052308171 -0.07320808495566435 0 0 0 0 0 0
2 0.8 -0.44999999999999996 -0.44999999999999996 1.8734926278570276 -0.12482476238288294 0.39460877364806046 0.15283952078064214 -0.8974089231468418 0 0 0 0 0 0
3 0.8 -0.3 -0.44999999999999996 1.8734926278570276 -0.6121711858534438 0.10439089218171396 -0.40334572671776175 -0.6720574421720326 0 0 0 0 0 0
4 0.8 -0.15 -0.44999999999999996 1.8734926278570276 0.6536182662209329 -0.7018013269586816 0.0885299541488349 -0.2691105846297779 0 0 0 0 0 0
5 0.8 0 -0.44999999999999996 1.8734926278570276 0.30805001260031517 -0.5353471011061484 -0.6216791602110322 0.48168837730787595 0 0 0 0 0 0
0 0.8 0.15 -0.44999999999999996 1.8734926278570276 0.22466275722278986 0.5963106850584033 0.6102435877103635 0.4706835200648262 0 0 0 0 0 0
1 0.8 0.3 -0.44999999999999996 1.8734926278570276 0.2687193770570969 -0.8688223169458902 0.3509413722390387 0.22310946017997857 0 0 0 0 0 0
2 0.8 0.44999999999999996 -0.44999999999999996 1.8734926278570276 -0.8379330754056017 0.14369062509026673 0.2822642741657114 -0.4444637723506637 0 0 0 0 0 0
3 0.8 -0.44999999999999996 -0.3 1.8734926278570276 0.825853438040948 -0.25836975181137267 -0.3366479088959695 0.37132109509270667 0 0 0 0 0 0
4 0.8 -0.3 -0.3 1.8734926278570276 0.8469887894373324 -0.4018739808780987 0.15976916618006495 0.30916194396917385 0 0 0 0 0 0
5 0.8 -0.15 -0.3 1.8734926278570276 -0.8984633506557987 -0.2831414560036225 0.16601155040595275 -0.29160707905041633 0 0 0 0 0 0
0 0.8 0 -0.3 1.8734926278570276 -0.07345242280565624 -0.33151832617108085 -0.37670947009145067 0.8618528390277093 0 0 0 0 0 0
1 0.8 0.15 -0.3 1.8734926278570276 0.3174516500102084 -0.6585143408951576 0.6058771578264275 0.3138410144729058 0 0 0 0 0 0
2 0.8 0.3 -0.3 1.8734926278570276 -0.5621969305565172 -0.6665568026452521 -0.014730703410800117 -0.48930526923097 0 0 0 0 0 0
3 0.8 0.44999999999999996 -0.3 1.8734926278570276 -0.568517741773819 0.6098965157160122 -0.5496269019988128 0.0521927773264936 0 0 0 0 0 0
4 0.8 -0.44999999999999996 -0.15 1.8734926278570276 0.5641608742834164 0.5213883502553273 0.0038935388860528684 0.6402042927853125 0 0 0 0 0 0
5 0.8 -0.3 -0.15 1.8734926278570276 -0.9232151997319331 -0.36390145230439525 -0.10428138785915575 -0.06614242315524219 0 0 0 0 0 0
0 0.8 -0.15 -0.15 1.8734926278570276 0.5690035612281988 0.08512446289849393 -0.8045692947251221 -0.1471632532644959 0 0 0 0 0 0
1 0.8 0 -0.15 1.8734926278570276 -0.8028122940616349 -0.05000531827868119 0.32784163552004236 0.49549142340396435 0 0 0 0 0 0
2 0.8 0.15 -0.15 1.8734926278570276 0.08782448834247121 -0.2356849975294154 -0.9628560670764177 0.09822237668207617 0 0 0 0 0 0
3 0.8 0.3 -0.15 1.8734926278570276 0.35881865780297867 -0.13828863691993665 0.5232021609773679 0.7605162210366766 0 0 0 0 0 0
4 0.8 0.44999999999999996 -0.15 1.8734926278570276 0.09954420164870108 0.16822193976818287 -0.8926157474333734 -0.406238179314442 0 0 0 0 0 0
5 0.8 -0.44999999999999996 0 1.8734926278570276 0.9741780863394539 0.21364981308695208 0.062033558703930174 0.03850520819883982 0 0 0 0 0 0
0 0.8 -0.3 0 1.8734926278570276 0.9754293413544083 -0.05621432944551165 -0.2126412652918839 0.012698089815536157 0 0 0 0 0 0
1 0.8 -0.15 0 1.8734926278570276 0.9909437758442649 -0.11355795039028588 -0.044854770603334294 -0.05588447523947089 0 0 0 0 0 0
2 0.8 0 0 1.8734926278570276 0.4096997996411385 -0.3643089550955628 0.5670738532970689 0.6146969206999532 0 0 0 0 0 0
3 0.8 0.15 0 1.8734926278570276 -0.9908740435666912 0.059041246737300074 -0.07698882140317781 -0.09357073446569641 0 0 0 0 0 0
4 0.8 0.3 0 1.8734926278570276 0.5795365350418129 0.3757513499399558 -0.01967269539414015 -0.7228840243261431 0 0 0 0 0 0
5 0.8 0.44999999999999996 0 1.8734926278570276 0.9999743653127648 -0.006676234785771961 -0.000576914713763592 0.0025226525387978017 0 0 0 0 0 0
0 0.8 -0.44999999999999996 0.15 1.8734926278570276 -0.02490835258053756 -0.8548566804078609 -0.3395861359914222 0.39151102944386035 0 0 0 0 0 0
1 0.8 -0.3 0.15 1.8734926278570276 -0.9938290010228563 -0.05517407646750866 -0.08906768076017628 -0.03642370458742979 0 0 0 0 0 0
2 0.8 -0.15 0.15 1.8734926278570276 -0.6410586485307819 -0.20448804881183677 0.1840142190925887 -0.7164964858314101 0 0 0 0 0 0
3 0.8 0 0.15 1.8734926278570276 -0.3723750734037693 -0.10676954735151988 0.29996613779874637 0.8717553467802722 0 0 0 0 0 0
4 0.8 0.15 0.15 1.8734926278570276 -0.07835131641013758 -0.41588984698503606 -0.6373725888921535 -0.6439354698418746 0 0 0 0 0 0
5 0.8 0.3 0.15 1.8734926278570276 0.20796070197096253 -0.4248392283047558 -0.8287112346809032 0.2991682905035511 0 0 0 0 0 0
0 0.8 0.44999999999999996 0.15 1.8734926278570276 0.9831604044592889 -0.08391020097004005 -0.15994455723511122 -0.02779273083882273 0 0 0 0 0 0
1 0.8 -0.44999999999999996 0.3 1.8734926278570276 0.677076114658445 -0.6165646962678804 0.23377602828460903 0.3267486478542712 0 0 0 0 0 0
2 0.8 -0.3 0.3 1.8734926278570276 -0.3472357644050504 -0.4697149765757206 0.16665178382025295 0.7943691507404088 0 0 0 0 0 0
3 0.8 -0.15 0.3 1.8734926278570276 0.25669287527458906 0.4869738232585677 -0.759373654698054 -0.3468672884472075 0 0 0 0 0 0
4 0.8 0 0.3 1.8734926278570276 -0.5013137829898923 0.309676602762806 -0.41763233032758657 -0.6916416191574942 0 0 0 0 0 0
5 0.8 0.15 0.3 1.8734926278570276 -0.22923574317536283 0.5050953491873886 -0.44942847416925463 0.7002454633098344 0 0 0 0 0 0
0 0.8 0.3 0.3 1.8734926278570276 -0.042032069620798904 -0.350640319827984 -0.3993318240207431 0.8460607339657051 0 0 0 0 0 0
1 0.8 0.44999999999999996 0.3 1.8734926278570276 -0.2780219562501877 0.4678474443500416 -0.4904674733982121 0.6806351579196652 0 0 0 0 0 0
2 0.8 -0.44999999999999996 0.44999999999999996 1.8734926278570276 -0.8145363877675805 0.3760976509133923 0.2098112236420847 -0.38866474037887827 0 0 0 0 0 0
3 0.8 -0.3 0.44999999999999996 1.8734926278570276 -0.9758644401622071 0.19988626332715248 -0.06058457174117477 0.06374626127820276 0 0 0 0 0 0
4 0.8 -0.15 0.44999999999999996 1.8734926278570276 -0.8155424172901232 -0.43338732918033684 0.2911948716420773 -0.24954265213760757 0 0 0 0 0 0
5 0.8 0 0.44999999999999996 1.8734926278570276 0.9759108101558504 0.01689122269797935 0.1807656157005074 0.12098169033839568 0 0 0 0 0 0
0 0.8 0.15 0.44999999999999996 1.8734926278570276 -0.735853289972421 0.16357534173152552 -0.4384800972474173 0.4893855816552774 0 0 0 0 0 0
1 0.8 0.3 0.44999999999999996 1.8734926278570276 0.6250646300842131 0.5505453227276107 0.47834872157924413 0.2781664185410232 0 0 0 0 0 0
2 0.8 0.44999999999999996 0.44999999999999996 1.8734926278570276 -0.9677384540384913 0.03611509855508727 0.24130275969447845 -0.06285668139009487 0 0 0 0 0 0
3 1.2000000000000002 -0.44999999999999996 -0.44999999999999996 1.8734926278570276 0.9772833348123336 0.16608519290741972 0.12774159632369966 -0.03186026935953872 0 0 0 0 0 0
4 1.2000000000000002 -0.3 -0.44999999999999996 1.8734926278570276 -0.5135106824665703 -0.7352295161678024 0.38250554083590005 -0.22233724109606992 0 0 0 0 0 0
5 1.2000000000000002 -0.15 -0.44999999999999996 1.8734926278570276 -0.6656761969518792 -0.4340211609143749 0.4767153220142058 0.3758235416350517 0 0 0 0 0 0
0 1.2000000000000002 0 -0.44999999999999996 1.8734926278570276 -0.7656450622029398 -0.2661645533366779 0.4960665435139242 -0.3112266917818765 0 0 0 0 0 0
1 1.2000000000000002 0.15 -0.44999999999999996 1.8734926278570276 0.9834474429580555 -0.14654427459084612 -0.07396456799080092 0.07671470006354096 0 0 0 0 0 0
2 1.2000000000000002 0.3 -0.44999999999999996 1.8734926278570276 0.9231327118899271 0.23704200295786385 0.12531477232292154 0.2755599624584953 0 0 0 0 0 0
3 1.2000000000000002 0.44999999999999996 -0.44999999999999996 1.8734926278570276 0.27755915528912967 0.8603592742630343 -0.15313193710022927 -0.3991158282312308 0 0 0 0 0 0
4 1.2000000000000002 -0.44999999999999996 -0.3 1.8734926278570276 0.9280981970422508 -0.35488232825338617 -0.09875480247746536 0.05421954193845626 0 0 0 0 0 0
5 1.2000000000000002 -0.3 -0.3 1.8734926278570276 0.8916177461382249 -0.2953916639460218 -0.19000580434253272 -0.28576100846466035 0 0 0 0 0 0
0 1.2000000000000002 -0.15 -0.3 1.8734926278570276 -0.1893324952268846 0.03892228594608081 0.0606263673301874 0.9792664119085462 0 0 0 0 0 0
1 1.2000000000000002 0 -0.3 1.8734926278570276 0.9938918452090238 -0.06142004628319897 0.03929053269636545 -0.0828422113539183 0 0 0 0 0 0
2 1.2000000000000002 0.15 -0.3 1.8734926278570276 0.8266351225098236 -0.22143767781880147 0.517032375273001 -0.017811569132003605 0 0 0 0 0 0
3 1.2000000000000002 0.3 -0.3 1.8734926278570276 -0.8449379929256193 -0.07722964113020064 0.3576381651501784 -0.3901414018913402 0 0 0 0 0 0
4 1.2000000000000002 0.44999999999999996 -0.3 1.8734926278570276 -0.7251277312073443 -0.1314438556060656 0.26565973092533446 -0.6215602896116998 0 0 0 0 0 0
5 1.2000000000000002 -0.44999999999999996 -0.15 1.8734926278570276 0.9483099575193692 0.09190289453479221 -0.25878814149642143 -0.1590307525812768 0 0 0 0 0 0
0 1.2000000000000002 -0.3 -0.15 1.8734926278570276 0.17611069904130316 -0.21400288467620118 0.3218646078893002 0.9053126317586181 0 0 0 0 0 0
1 1.2000000000000002 -0.15 -0.15 1.8734926278570276 0.36003194497932783 0.755973706967526 -0.534557026829679 -0.11458419627153342 0 0 0 0 0 0
2 1.2000000000000002 0 -0.15 1.8734926278570276 0.07912700985998986 -0.9810351227680418 -0.12742677648861453 0.12276571524587318 0 0 0 0 0 0
3 1.2000000000000002 0.15 -0.15 1.8734926278570276 0.8532186643167944 0.05088804998514896 0.336007115379642 -0.3956356096769176 0 0 0 0 0 0
4 1.2000000000000002 0.3 -0.15 1.8734926278570276 0.8643453936805179 0.49924356874047715 -0.04130665348680902 0.044234148259728795 0 0 0 0 0 0
5 1.2000000000000002 0.44999999999999996 -0.15 1.8734926278570276 -0.25219558756955174 0.22750951188976254 -0.5802855698844592 -0.7402063664911287 0 0 0 0 0 0
0 1.2000000000000002 -0.44999999999999996 0 1.8734926278570276 -0.6095748939880845 0.2611330230126806 -0.4785384209337882 -0.5755249539349888 0 0 0 0 0 0
1 1.2000000000000002 -0.3 0 1.8734926278570276 0.5704744702117714 -0.6083995390976339 0.22933101240185796 0.5018128798796663 0 0 0 0 0 0
2 1.2000000000000002 -0.15 0 1.8734926278570276 0.8504164060784445 0.03998162788074832 0.47128884975328755 0.23039146208757563 0 0 0 0 0 0
3 1.2000000000000002 0 0 1.8734926278570276 -0.990231839282734 -0.09740069372235319 -0.04399854821766367 -0.08954405110266145 0 0 0 0 0 0
4 1.2000000000000002 0.15 0 1.8734926278570276 0.9135681676676352 0.2131691143104428 -0.1540651391255427 0.3101871445349213 0 0 0 0 0 0
5 1.2000000000000002 0.3 0 1.8734926278570276 -0.9807133362693838 0.05451073069749646 0.18457977299382938 -0.03406229152223629 0 0 0 0 0 0
0 1.2000000000000002 0.44999999999999996 0 1.8734926278570276 0.37102869765977853 0.3229979134610305 0.5773864864966138 -0.6516401603828642 0 0 0 0 0 0
1 1.2000000000000002 -0.44999999999999996 0.15 1.8734926278570276 -0.8092971903588712 -0.3432586162444973 0.18433738756063014 0.4395808317004644 0 0 0 0 0 0
2 1.2000000000000002 -0.3 0.15 1.8734926278570276 -0.4061866942196672 0.8533908015307886 -0.17182590676174164 -0.2778711339218997 0 0 0 0 0 0
3 1.2000000000000002 -0.15 0.15 1.8734926278570276 0.3128900409159566 -0.7516815396352188 -0.49757423051893407 -0.2991564313043074 0 0 0 0 0 0
4 1.2000000000000002 0 0.15 1.8734926278570276 -0.48277585433529735 0.6384764366205428 -0.4591158471213846 0.3853413464360804 0 0 0 0 0 0
5 1.2000000000000002 0.15 0.15 1.8734926278570276 -0.7240123573385491 -0.10950971035078802 -0.6346383339248436 0.2470787624889326 0 0 0 0 0 0
0 1.2000000000000002 0.3 0.15 1.8734926278570276 0.7995096992189901 0.1942914778150767 0.13685051627014014 0.5516402801643383 0 0 0 0 0 0
1 1.2000000000000002 0.44999999999999996 0.15 1.8734926278570276 -0.8916086582567965 0.2931192038702904 -0.1712065807819298 0.29967222016884176 0 0 0 0 0 0
2 1.2000000000000002 -0.44999999999999996 0.3 1.8734926278570276 0.8801090660984631 -0.409356509723126 -0.0070545820847498246 0.2403861738748736 0 0 0 0 0 0
3 1.2000000000000002 -0.3 0.3 1.8734926278570276 -0.3548796154121672 0.20969730682268056 0.6870101906411891 -0.5984183286225314 0 0 0 0 0 0
4 1.2000000000000002 -0.15 0.3 1.8734926278570276 0.1700719288617204 0.8266371253988771 -0.4577645850124701 -0.27963938677142053 0 0 0 0 0 0
5 1.2000000000000002 0 0.3 1.8734926278570276 0.662675805644214 -0.5787466904561459 -0.153477231976415 -0.4498419546515284 0 0 0 0 0 0
0 1.2000000000000002 0.15 0.3 1.8734926278570276 -0.35453778782504813 -0.29556618947619195 0.33387048021527854 -0.8218723058258286 0 0 0 0 0 0
1 1.2000000000000002 0.3 0.3 1.8734926278570276 -0.7893182504717096 0.2129120553556571 0.35125846400750804 0.4563580256986782 0 0 0 0 0 0
2 1.2000000000000002 0.44999999999999996 0.3 1.8734926278570276 0.49412788722878676 -0.3714355846627835 -0.573624491009753 0.5374273726028787 0 0 0 0 0 0
3 1.2000000000000002 -0.44999999999999996 0.44999999999999996 1.8734926278570276 0.5661055406189952 0.5609849627426287 -0.3833692605844547 0.4667423255888149 0 0 0 0 0 0
4 1.2000000000000002 -0.3 0.44999999999999996 1.8734926278570276 -0.8794432575416169 0.2186122480395689 -0.018373618295371093 0.4224341983343812 0 0 0 0 0 0
5 1.2000000000000002 -0.15 0.44999999999999996 1.8734926278570276 -0.701642208832894 -0.31668091271883575 -0.6163593914413739 -0.16586895696809 0 0 0 0 0 0
0 1.2000000000000002 0 0.44999999999999996 1.8734926278570276 0.8036825696597182 -0.48175505337948327 -0.33869135999457345 0.08540818715737863 0 0 0 0 0 0
1 1.2000000000000002 0.15 0.44999999999999996 1.8734926278570276 -0.2978494114820161 -0.7959244404663185 -0.43094857372382356 -0.3034358910109297 0 0 0 0 0 0
2 1.2000000000000002 0.3 0.44999999999999996 1.8734926278570276 -0.07256893965323931 -0.23552204537925936 -0.15647778051739866 -0.9564401807443703 0 0 0 0 0 0
3 1.2000000000000002 0.44999999999999996 0.44999999999999996 1.8734926278570276 0.4461814198947539 0.5575569267846175 0.6996536503206889 -0.023177220025899347 0 0 0 0 0 0
4 1.6 -0.44999999999999996 -0.44999999999999996 1.8734926278570276 -0.2704544657448677 -0.5734604864082651 -0.7501242242073434 -0.18791248160882149 0 0 0 0 0 0
5 1.6 -0.3 -0.44999999999999996 1.8734926278570276 0.9996345976524644 -0.014204409478160774 0.017716342692216225 -0.014664144338633533 0 0 0 0 0 0
0 1.6 -0.15 -0.44999999999999996 1.8734926278570276 0.5603285637870216 0.08218519499591803 -0.0010331997908215051 0.824182277670449 0 0 0 0 0 0
1 1.6 0 -0.44999999999999996 1.8734926278570276 -0.42076206051433307 -0.1920461756077784 -0.8849453278079575 0.05430765744373127 0 0 0 0 0 0
2 1.6 0.15 -0.44999999999999996 1.8734926278570276 0.4469790066168181 0.07226247887355478 -0.8841885226628688 -0.11488497805259389 0 0 0 0 0 0
3 1.6 0.3 -0.44999999999999996 1.8734926278570276 -0.9978886765168726 0.04345348487565926 -0.04475574290996965 0.01808058096803903 0 0 0 0 0 0
4 1.6 0.44999999999999996 -0.44999999999999996 1.8734926278570276 0.580526953078857 -0.5532000856349345 -0.5681358637033227 -0.18487769572492843 0 0 0 0 0 0
5 1.6 -0.44999999999999996 -0.3 1.8734926278570276 -0.4602885606289229 0.5462601558239154 0.5280613827122462 0.45922266843157544 0 0 0 0 0 0
0 1.6 -0.3 -0.3 1.8734926278570276 0.058338992685735926 -0.36676183151434244 -0.7600403423130556 0.5333113527136957 0 0 0 0 0 0
1 1.6 -0.15 -0.3 1.8734926278570276 0.11717732849595346 -0.9528864212697429 -0.2763593634787244 0.04361701576137068 0 0 0 0 0 0
2 1.6 0 -0.3 1.8734926278570276 -0.9983353208972432 -0.008806884077795573 0.02398329216251567 -0.051709066312264663 0 0 0 0 0 0
3 1.6 0.15 -0.3 1.8734926278570276 0.5793400758995448 0.4675368286582195 0.6450022041030105 0.1724718730900284 0 0 0 0 0 0
4 1.6 0.3 -0.3 1.8734926278570276 -0.2590891572720129 -0.5495962357203802 0.7073860310004937 0.3611395705422423 0 0 0 0 0 0
5 1.6 0.44999999999999996 -0.3 1.8734926278570276 -0.8049766184399243 0.042582708856610425 -0.4433798963206213 0.39193573989899533 0 0 0 0 0 0
0 1.6 -0.44999999999999996 -0.15 1.8734926278570276 0.4234172057986285 -0.1729340472127492 -0.7570819356212023 0.46651755369370007 0 0 0 0 0 0
1 1.6 -0.3 -0.15 1.8734926278570276 -0.8374206860158326 0.2680902786899618 0.1139802138520235 -0.46245292512315006 0 0 0 0 0 0
2 1.6 -0.15 -0.15 1.8734926278570276 -0.39847501089385934 0.375000942839598 0.7714560812510606 0.3247267670878217 0 0 0 0 0 0
3 1.6 0 -0.15 1.8734926278570276 0.7925359629372752 -0.3608363087630677 0.4820005565967071 0.09674383272226965 0 0 0 0 0 0
4 1.6 0.15 -0.15 1.8734926278570276 -0.1609920184546006 0.32045435398263117 0.6381257316082578 -0.6813120633504988 0 0 0 0 0 0
5 1.6 0.3 -0.15 1.8734926278570276 0.992775613392139 0.09753116078435417 0.03383515078589133 0.06115093377222084 0 0 0 0 0 0
0 1.6 0.44999999999999996 -0.15 1.8734926278570276 0.9480459530433494 -0.18005117837491794 -0.26222919197001976 0.005127861414017089 0 0 0 0 0 0
1 1.6 -0.44999999999999996 0 1.8734926278570276 0.4524971929997473 0.31109174437804793 0.8354467139449983 0.02229361042265508 0 0 0 0 0 0
2 1.6 -0.3 0 1.8734926278570276 -0.2400083757386476 0.9232733556403405 -0.12206243990655347 0.2739763696087322 0 0 0 0 0 0
3 1.6 -0.15 0 1.8734926278570276 -0.039313067113127084 0.5615725671318389 0.655648852282585 -0.503205044787554 0 0 0 0 0 0
4 1.6 0 0 1.8734926278570276 0.5634597491360926 0.8239355701919097 -0.05636374100949614 -0.021596665840789387 0 0 0 0 0 0
5 1.6 0.15 0 1.8734926278570276 0.7957302315131887 0.432643239748706 -0.15179498845956516 -0.39571644802089223 0 0 0 0 0 0
0 1.6 0.3 0 1.8734926278570276 0.9286633038132267 0.15099389513296352 0.3302615838663126 0.07558173063242699 0 0 0 0 0 0
1 1.6 0.44999999999999996 0 1.8734926278570276 0.7668503883493297 -0.45437841189372646 0.43156617547473447 0.1386772399477577 0 0 0 0 0 0
2 1.6 -0.44999999999999996 0.15 1.8734926278570276 0.4419310283557055 0.3595418406470523 -0.6040192562327045 0.5573036596871483 0 0 0 0 0 0
3 1.6 -0.3 0.15 1.8734926278570276 -0.7983272181484471 0.08044752306505074 0.08402777369856046 0.5908816988563138 0 0 0 0 0 0
4 1.6 -0.15 0.15 1.8734926278570276 -0.9849698805507631 0.0862216032145461 -0.09703262902462316 -0.11395103532438261 0 0 0 0 0 0
5 1.6 0 0.15 1.8734926278570276 -0.34291995856442925 -0.3167628267692264 0.7388198274097432 0.4860169505496454 0 0 0 0 0 0
0 1.6 0.15 0.15 1.8734926278570276 -0.8026755940910084 -0.3125561814771723 -0.2088142844402891 -0.46305196110668356 0 0 0 0 0 0
1 1.6 0.3 0.15 1.8734926278570276 -0.4281194746344063 -0.43061554034568655 -0.3942182054593898 -0.6898376463603091 0 0 0 0 0 0
2 1.6 0.44999999999999996 0.15 1.8734926278570276 0.9995922951131997 -0.017007489885580138 0.02286277691246864 0.0018117036094714547 0 0 0 0 0 0
3 1.6 -0.44999999999999996 0.3 1.8734926278570276 0.3035026050286921 0.6689777403198662 0.01817285554890152 -0.6782512064261457 0 0 0 0 0 0
4 1.6 -0.3 0.3 1.8734926278570276 0.2633027705380239 -0.43258031032161287 -0.841880498658848 -0.1865024185553298 0 0 0 0 0 0
5 1.6 -0.15 0.3 1.8734926278570276 0.1016418018908035 -0.829936346605637 -0.03943048298112718 -0.5471013084458435 0 0 0 0 0 0
0 1.6 0 0.3 1.8734926278570276 -0.9884668895892385 0.08983485628495146 -0.11935747914949271 -0.024833424111807032 0 0 0 0 0 0
1 1.6 0.15 0.3 1.8734926278570276 0.5487737689795076 0.20213895806764867 -0.17212373363291186 -0.7926920035118418 0 0 0 0 0 0
2 1.6 0.3 0.3 1.8734926278570276 0.9702979875380591 0.132947431550593 -0.05482136279719575 -0.19452869712397522 0 0 0 0 0 0
3 1.6 0.44999999999999996 0.3 1.8734926278570276 0.8775709494128048 0.4293274179416296 0.19010436661975919 -0.09699240559127215 0 0 0 0 0 0
4 1.6 -0.44999999999999996 0.44999999999999996 1.8734926278570276 0.9868082982980328 0.09422359767463556 0.13149174068803623 -0.006420138800629437 0 0 0 0 0 0
5 1.6 -0.3 0.44999999999999996 1.8734926278570276 0.03709628744937513 -0.18384762759570322 0.7686688639129219 0.6115325771663542 0 0 0 0 0 0
0 1.6 -0.15 0.44999999999999996 1.8734926278570276 -0.7636415232941768 -0.5383240363099295 -0.05304399583531851 0.3524843121867379 0 0 0 0 0 0
1 1.6 0 0.44999999999999996 1.8734926278570276 0.2783959993717184 0.779274356683138 -0.511782196624265 0.23088119838641155 0 0 0 0 0 0
2 1.6 0.15 0.44999999999999996 1.8734926278570276 0.19478853166228166 -0.5332952314536001 0.766098984969468 -0.30124071648841566 0 0 0 0 0 0
3 1.6 0.3 0.44999999999999996 1.8734926278570276 0.5838027709273634 0.2921909793727647 0.6315296214230172 0.41829307129812426 0 0 0 0 0 0
4 1.6 0.44999999999999996 0.44999999999999996 1.8734926278570276 -0.8265631015868347 -0.39478192318147903 0.2926319652409042 -0.2744215828675491 0 0 0 0 0 0
5 2 -0.44999999999999996 -0.44999999999999996 1.8734926278570276 0.989875009797179 -0.005951560039899653 -0.07912591698967378 0.1176908372502699 0 0 0 0 0 0
0 2 -0.3 -0.44999999999999996 1.8734926278570276 -0.7992536682498119 -0.3869131613948676 0.23856346919902538 -0.39316567817190545 0 0 0 0 0 0
1 2 -0.15 -0.44999999999999996 1.8734926278570276 0.9984961194841707 0.017118700152118017 -0.006038727242913314 0.0517299067604052 0 0 0 0 0 0
2 2 0 -0.44999999999999996 1.8734926278570276 -0.47844766821210977 -0.5469553393771402 -0.2527023201649148 0.6388029609296605 0 0 0 0 0 0
3 2 0.15 -0.44999999999999996 1.8734926278570276 0.9321818104253179 0.23961228320684871 -0.12977607333975077 -0.238288054331503 0 0 0 0 0 0
4 2 0.3 -0.44999999999999996 1.8734926278570276 0.9924337365673517 -0.007524136758046645 0.11218139319795467 -0.04933559474838249 0 0 0 0 0 0
5 2 0.44999999999999996 -0.44999999999999996 1.8734926278570276 -0.5494518090405928 -0.02403803472371285 -0.47747749591579736 -0.6852299784179187 0 0 0 0 0 0
0 2 -0.44999999999999996 -0.3 1.8734926278570276 -0.8335804208326423 -0.24383989237174378 0.35495642196233745 0.3459649222107734 0 0 0 0 0 0
1 2 -0.3 -0.3 1.8734926278570276 -0.8846349680642149 -0.37698828352442054 -0.16288245924540715 0.22083956129621543 0 0 0 0 0 0
2 2 -0.15 -0.3 1.8734926278570276 -0.8469075134684506 -0.2181676436583896 -0.38578575485428135 0.29380247487511807 0 0 0 0 0 0
3 2 0 -0.3 1.8734926278570276 -0.35484609833586644 0.6431517046569686 0.6326928072036464 -0.24523446537022003 0 0 0 0 0 0
4 2 0.15 -0.3 1.8734926278570276 -0.19237242685198483 0.11758750668131453 0.6994250626141085 0.6782113309631445 0 0 0 0 0 0
5 2 0.3 -0.3 1.8734926278570276 0.9295199414647818 0.1383880465370531 -0.02425398783369844 0.34095919267432856 0 0 0 0 0 0
0 2 0.44999999999999996 -0.3 1.8734926278570276 0.9092019811651313 -0.22853131340836896 0.3472653321356739 0.023064807260112584 0 0 0 0 0 0
1 2 -0.44999999999999996 -0.15 1.8734926278570276 -0.7751691087912356 -0.24374884060961713 -0.2959712509083426 0.5020959809767651 0 0 0 0 0 0
2 2 -0.3 -0.15 1.8734926278570276 0.10978934481156347 0.19215441413532824 0.6335154876462841 -0.7414048204634548 0 0 0 0 0 0
3 2 -0.15 -0.15 1.8734926278570276 -0.7821902507569991 0.4241924681370771 0.26396354120834314 -0.3722397218315491 0 0 0 0 0 0
4 2 0 -0.15 1.8734926278570276 0.9999735720929102 0.006334293711260635 -0.0005196553503987972 0.0035301270857771103 0 0 0 0 0 0
5 2 0.15 -0.15 1.8734926278570276 -0.9872569586047637 0.01263285742699461 -0.13642288658858245 0.08095001306077636 0 0 0 0 0 0
0 2 0.3 -0.15 1.8734926278570276 0.7502087739178926 -0.23299443178982446 0.4846097090482304 -0.3847776243335085 0 0 0 0 0 0
1 2 0.44999999999999996 -0.15 1.8734926278570276 0.8868974747587943 -0.11044028132773859 0.41945616271940783 0.15897276837066604 0 0 0 0 0 0
2 2 -0.44999999999999996 0 1.8734926278570276 -0.7107581981653925 0.2478726505071702 0.3793904549228979 0.538000757977748 0 0 0 0 0 0
3 2 -0.3 0 1.8734926278570276 -0.9523578330872091 0.2674306575692157 -0.1417481269178431 0.03745490174617395 0 0 0 0 0 0
4 2 -0.15 0 1.8734926278570276 -0.2690384869157166 -0.561470376069844 -0.46566758182127466 -0.6289062033362498 0 0 0 0 0 0
5 2 0 0 1.8734926278570276 0.8014938762899156 -0.01779293997567985 0.13600785773940444 -0.5820591380520755 0 0 0 0 0 0
0 2 0.15 0 1.8734926278570276 0.4733142443338137 0.0500646985396956 0.5444596864743849 -0.6906741647658864 0 0 0 0 0 0
1 2 0.3 0 1.8734926278570276 0.3755142778566713 -0.7482998820895829 -0.5219421665904939 -0.1631339582224384 0 0 0 0 0 0
2 2 0.44999999999999996 0 1.8734926278570276 -0.9948074419841499 0.040084161105905694 -0.07750158026038581 -0.052391969408783955 0 0 0 0 0 0
3 2 -0.44999999999999996 0.15 1.8734926278570276 0.684024984397249 -0.6130790558607979 0.31078876547724554 -0.24424216515234515 0 0 0 0 0 0
4 2 -0.3 0.15 1.8734926278570276 0.08043188995586606 0.6538953228441281 -0.6032225008052939 0.44952667591913636 0 0 0 0 0 0
5 2 -0.15 0.15 1.8734926278570276 0.27921058207103977 -0.4320154607283878 0.15049444405269702 -0.8442484911804462 0 0 0 0 0 0
0 2 0 0.15 1.8734926278570276 -0.8055354498298517 0.10388044644036126 0.5404986212093484 0.219505654563984 0 0 0 0 0 0
1 2 0.15 0.15 1.8734926278570276 0.860448115648431 -0.21784128420799634 0.3473255052861806 0.3025544720366477 0 0 0 0 0 0
2 2 0.3 0.15 1.8734926278570276 0.9960079146007972 0.011368002646446483 0.07901421448250137 0.03994692075886035 0 0 0 0 0 0
3 2 0.44999999999999996 0.15 1.8734926278570276 -0.9994092489670352 -0.026439255092306435 -0.0199066511049084 0.009265209716890514 0 0 0 0 0 0
4 2 -0.44999999999999996 0.3 1.8734926278570276 0.3025750603483624 -0.5173200173937533 -0.08058212367134623 -0.7964514133351308 0 0 0 0 0 0
5 2 -0.3 0.3 1.8734926278570276 -0.11730700364080625 0.4110140320172142 -0.8037053063722659 -0.41396172877553566 0 0 0 0 0 0
0 2 -0.15 0.3 1.8734926278570276 0.7043317019653331 -0.4611732303797982 0.48146396734478186 -0.2437797229801972 0 0 0 0 0 0
1 2 0 0.3 1.8734926278570276 -0.8015308109320151 -0.1431974973515309 0.4451549598505839 -0.372665932973957 0 0 0 0 0 0
2 2 0.15 0.3 1.8734926278570276 -0.9924298550402046 -0.004707052789251304 0.045351802391717856 0.11403525989245727 0 0 0 0 0 0
3 2 0.3 0.3 1.8734926278570276 0.9631874903437615 -0.21042742958442706 -0.022244814313405598 -0.1658171389209794 0 0 0 0 0 0
4 2 0.44999999999999996 0.3 1.8734926278570276 0.14443783242453434 0.3939948348499051 0.7743438847520048 0.4736003914940023 0 0 0 0 0 0
5 2 -0.44999999999999996 0.44999999999999996 1.8734926278570276 -0.9582685877756802 -0.15460253063780302 0.172581061503477 0.1674369983400431 0 0 0 0 0 0
0 2 -0.3 0.44999999999999996 1.8734926278570276 0.21798512176518542 0.49236632452156603 0.7822594863752553 0.31325386692276136 0 0 0 0 0 0
1 2 -0.15 0.44999999999999996 1.8734926278570276 0.943671755991049 -0.19478140980874215 -0.16313934129952007 -0.21196550346235027 0 0 0 0 0 0
2 2 0 0.44999999999999996 1.8734926278570276 0.7927170140548414 0.34355547954104754 0.3402673346291922 -0.37119739908792815 0 0 0 0 0 0
3 2 0.15 0.44999999999999996 1.8734926278570276 -0.8784312675764836 -0.1839283281620449 -0.44074955112537034 -0.016392419780860715 0 0 0 0 0 0
4 2 0.3 0.44999999999999996 1.8734926278570276 -0.9008773111157935 0.3975012348028898 0.14580124306381517 0.0956809080642632 0 0 0 0 0 0
5 2 0.44999999999999996 0.44999999999999996 1.8734926278570276 -0.8542078403834331 0.38537090749189135 -0.04107798632684033 -0.3465989442073926 0 0 0 0 0 0
0 2.4000000000000004 -0.44999999999999996 -0.44999999999999996 1.8734926278570276 -0.1032791448309815 -0.5421743476249546 0.5613636537784468 -0.6166451517987861 0 0 0 0 0 0
1 2.4000000000000004 -0.3 -0.44999999999999996 1.8734926278570276 -0.12437590597753018 0.5823046669284864 -0.8009180736344067 -0.06310426460489273 0 0 0 0 0 0
2 2.4000000000000004 -0.15 -0.44999999999999996 1.8734926278570276 0.735632263374844 -0.10623810351232198 0.4279768220797134 0.5141930359375345 0 0 0 0 0 0
3 2.4000000000000004 0 -0.44999999999999996 1.8734926278570276 0.9993307124049123 0.0008785424649689971 0.0018252277251491437 0.036524292617092814 0 0 0 0 0 0
4 2.4000000000000004 0.15 -0.44999999999999996 1.8734926278570276 -0.8719106987568833 0.35320105448475225 -0.2978753793391621 -0.16214501807854878 0 0 0 0 0 0
5 2.4000000000000004 0.3 -0.44999999999999996 1.8734926278570276 -0.995433543280065 0.08759469832279543 0.029679245157369888 0.023629899397207683 0 0 0 0 0 0
0 2.4000000000000004 0.44999999999999996 -0.44999999999999996 1.8734926278570276 0.9986307404851541 -0.03587142702194538 0.032898365316899464 0.019172439619356847 0 0 0 0 0 0
1 2.4000000000000004 -0.44999999999999996 -0.3 1.8734926278570276 -0.7064682716177813 -0.7005298388016898 0.04845054758818325 -0.08839157530143024 0 0 0 0 0 0
2 2.4000000000000004 -0.3 -0.3 1.8734926278570276 0.425845906696626 0.3833153862687547 -0.3058098976903133 0.7603978464422451 0 0 0 0 0 0
3 2.4000000000000004 -0.15 -0.3 1.8734926278570276 0.8963053667275598 -0.33740437850417276 0.2566543912810589 0.13009034698138305 0 0 0 0 0 0
4 2.4000000000000004 0 -0.3 1.8734926278570276 0.4443803409584564 0.3965528007274076 -0.5800170229811087 0.5557447632295126 0 0 0 0 0 0
5 2.4000000000000004 0.15 -0.3 1.8734926278570276 -0.8763191574092638 -0.3250896318478531 0.3508737538395792 -0.05717582084297247 0 0 0 0 0 0
0 2.4000000000000004 0.3 -0.3 1.8734926278570276 -0.7154091725022182 -0.3643801749003133 0.4743120732974307 0.36117151211522935 0 0 0 0 0 0
1 2.4000000000000004 0.44999999999999996 -0.3 1.8734926278570276 -0.985609359921753 0.11275894425335865 -0.09874050010280558 -0.07816600133656622 0 0 0 0 0 0
2 2.4000000000000004 -0.44999999999999996 -0.15 1.8734926278570276 0.24738871977324456 -0.6635483032548686 0.34573114922250725 0.6156073773386936 0 0 0 0 0 0
3 2.4000000000000004 -0.3 -0.15 1.8734926278570276 0.9950820344515998 -0.027441654624746452 0.02376017836381132 -0.09216373596616591 0 0 0 0 0 0
4 2.4000000000000004 -0.15 -0.15 1.8734926278570276 0.39077050560833504 -0.5247981383491688 -0.6202449719103529 -0.43264477432621173 0 0 0 0 0 0
5 2.4000000000000004 0 -0.15 1.8734926278570276 0.17066786980484525 -0.6805111138039105 -0.6776434136186071 -0.2204007853546785 0 0 0 0 0 0
0 2.4000000000000004 0.15 -0.15 1.8734926278570276 -0.49385150111248804 -0.42487275948345626 -0.2631669086668503 -0.711573616206074 0 0 0 0 0 0
1 2.4000000000000004 0.3 -0.15 1.8734926278570276 0.38310632040342585 -0.9086557260257728 0.1632481367841945 0.03040336599806827 0 0 0 0 0 0
2 2.4000000000000004 0.44999999999999996 -0.15 1.8734926278570276 0.007264665858684473 0.555784327659805 -0.7782050590172148 -0.29231471375507845 0 0 0 0 0 0
3 2.4000000000000004 -0.44999999999999996 0 1.8734926278570276 0.44453304624326645 0.4523590094481684 -0.2737126210077644 -0.723078901967008 0 0 0 0 0 0
4 2.4000000000000004 -0.3 0 1.8734926278570276 -0.9492848137725867 0.23942058811958733 0.15392397178461262 0.13357969619394305 0 0 0 0 0 0
5 2.4000000000000004 -0.15 0 1.8734926278570276 0.9143781769313581 -0.38027073585564247 0.13830604585424294 0.01334745982043276 0 0 0 0 0 0
0 2.4000000000000004 0 0 1.8734926278570276 -0.36991362616355383 0.6501422749472822 0.5088667235876317 -0.4260675875141078 0 0 0 0 0 0
1 2.4000000000000004 0.15 0 1.8734926278570276 -0.9867385057786463 -0.02288311126629986 0.08615558032627683 0.13564918138765522 0 0 0 0 0 0
2 2.4000000000000004 0.3 0 1.8734926278570276 0.21523547972697774 -0.590418057440313 -0.18186427832946694 -0.7563105116172901 0 0 0 0 0 0
3 2.4000000000000004 0.44999999999999996 0 1.8734926278570276 0.8854307197026189 0.282690935557179 0.2349751844569298 0.284402774687838 0 0 0 0 0 0
4 2.4000000000000004 -0.44999999999999996 0.15 1.8734926278570276 0.6574832979450193 0.5010385496373648 0.5553294252328146 -0.09102370115095808 0 0 0 0 0 0
5 2.4000000000000004 -0.3 0.15 1.8734926278570276 -0.4751269973297957 0.6457520907882844 -0.4602278405949505 0.3813776453756048 0 0 0 0 0 0
0 2.4000000000000004 -0.15 0.15 1.8734926278570276 -0.5717564391154646 -0.5729483766554144 -0.4765195425808863 0.34315281953734894 0 0 0 0 0 0
1 2.4000000000000004 0 0.15 1.8734926278570276 -0.9628270208801202 -0.1421424068088958 -0.22215967427790964 0.05835017715842908 0 0 0 0 0 0
2 2.4000000000000004 0.15 0.15 1.8734926278570276 0.7782093616771967 0.3872005800197121 0.23737796742479475 -0.43372525959602803 0 0 0 0 0 0
3 2.4000000000000004 0.3 0.15 1.8734926278570276 -0.2716867726146891 -0.7307340319254565 -0.40132025536807925 0.4807869848524188 0 0 0 0 0 0
4 2.4000000000000004 0.44999999999999996 0.15 1.8734926278570276 0.8533998183270481 -0.477654732184236 -0.08924453875405924 -0.18865343676684557 0 0 0 0 0 0
5 2.4000000000000004 -0.44999999999999996 0.3 1.8734926278570276 -0.8784248555101336 0.14658201385437133 -0.09508508760291684 -0.44479468584049353 0 0 0 0 0 0
0 2.4000000000000004 -0.3 0.3 1.8734926278570276 -0.42976130488781816 -0.06943430293854931 0.6120899639157273 0.6601742000943397 0 0 0 0 0 0
1 2.4000000000000004 -0.15 0.3 1.8734926278570276 0.3409370159230082 0.09388428155998105 -0.147172533286291 0.923735859591678 0 0 0 0 0 0
2 2.4000000000000004 0 0.3 1.8734926278570276 -0.44548949406152893 -0.8787958157480396 0.046296449418252776 0.16466227156153246 0 0 0 0 0 0
3 2.4000000000000004 0.15 0.3 1.8734926278570276 -0.5572964409044531 0.29119192385707904 -0.4505548769480591 -0.6337414640797633 0 0 0 0 0 0
4 2.4000000000000004 0.3 0.3 1.8734926278570276 0.38391315169677004 0.6650149471618251 -0.5073741504703934 0.3910719670854133 0 0 0 0 0 0
5 2.4000000000000004 0.44999999999999996 0.3 1.8734926278570276 0.7535404624826099 0.18085443331046747 -0.6311310520596837 0.03379408941636079 0 0 0 0 0 0
0 2.4000000000000004 -0.44999999999999996 0.44999999999999996 1.8734926278570276 0.5588422638930942 0.631971913617975 -0.5305699477772131 0.08247639056458171 0 0 0 0 0 0
1 2.4000000000000004 -0.3 0.44999999999999996 1.8734926278570276 -0.6450566359268218 0.3300666190077704 -0.5302711731815518 -0.44019364642871867 0 0 0 0 0 0
2 2.4000000000000004 -0.15 0.44999999999999996 1.8734926278570276 -0.9126641270657473 0.24759253121878716 -0.26636681551310276 0.18652305285245624 0 0 0 0 0 0
3 2.4000000000000004 0 0.44999999999999996 1.8734926278570276 -0.36357273108602933 0.7682259290213714 0.34238921710647613 -0.40051643561670636 0 0 0 0 0 0
4 2.4000000000000004 0.15 0.44999999999999996 1.8734926278570276 -0.18199970981565936 -0.5294488387771558 -0.6075455785775244 -0.5634255964148579 0 0 0 0 0 0
5 2.4000000000000004 0.3 0.44999999999999996 1.8734926278570276 -0.9636567411647072 -0.17240679430173758 -0.17288791364576417 -0.10840365216001545 0 0 0 0 0 0
0 2.4000000000000004 0.44999999999999996 0.44999999999999996 1.8734926278570276 0.22984884996751487 -0.618110910520605 -0.4894665289413998 -0.5705531750065523 0 0 0 0 0 0
1 2.8000000000000003 -0.44999999999999996 -0.44999999999999996 1.8734926278570276 0.8486456680733417 0.24880995379786344 0.46646736397450944 0.017387791640376075 0 0 0 0 0 0
2 2.8000000000000003 -0.3 -0.44999999999999996 1.8734926278570276 0.24052652954755743 0.9563670538695873 -0.024396049966362836 0.1640545019274163 0 0 0 0 0 0
3 2.8000000000000003 -0.15 -0.44999999999999996 1.8734926278570276 0.8774156128761522 -0.4144253552941671 -0.24087092206802593 -0.019356292841570345 0 0 0 0 0 0
4 2.8000000000000003 0 -0.44999999999999996 1.8734926278570276 0.40607034721194696 0.5096330550179042 -0.6560942540099507 -0.3806853716698516 0 0 0 0 0 0
5 2.8000000000000003 0.15 -0.44999999999999996 1.8734926278570276 0.9740478451230161 -0.11154246383019696 -0.07411660712626328 0.18247137507562453 0 0 0 0 0 0
0 2.8000000000000003 0.3 -0.44999999999999996 1.8734926278570276 -0.6827882890266604 0.6464690726154309 -0.008444668185157597 0.340303655723874 0 0 0 0 0 0
1 2.8000000000000003 0.44999999999999996 -0.44999999999999996 1.8734926278570276 0.725260377951861 0.3789864022953289 0.10343591150687441 -0.565391637061523 0 0 0 0 0 0
2 2.8000000000000003 -0.44999999999999996 -0.3 1.8734926278570276 -0.9270953138698554 0.023859286581860952 -0.3602573417050398 -0.10069588468242889 0 0 0 0 0 0
3 2.8000000000000003 -0.3 -0.3 1.8734926278570276 -0.4647815515445902 0.8482400293995567 0.1183147679782573 0.22465212562157907 0 0 0 0 0 0
4 2.8000000000000003 -0.15 -0.3 1.8734926278570276 0.23806056616627597 0.7064078916227357 0.4909972383467826 0.4508178894249278 0 0 0 0 0 0
5 2.8000000000000003 0 -0.3 1.8734926278570276 0.5881472722357832 -0.5276871331839451 -0.4089564360767783 -0.45649064505759257 0 0 0 0 0 0
0 2.8000000000000003 0.15 -0.3 1.8734926278570276 -0.579321575603097 -0.5926688825112261 -0.2907426549063814 0.47812008571239556 0 0 0 0 0 0
1 2.8000000000000003 0.3 -0.3 1.8734926278570276 0.9615385292696353 0.15352907744391048 -0.019036155034623435 0.22695837484152473 0 0 0 0 0 0
2 2.8000000000000003 0.44999999999999996 -0.3 1.8734926278570276 0.8862624508194612 0.28579262743460315 -0.24473633825770783 0.27012139328034934 0 0 0 0 0 0
3 2.8000000000000003 -0.44999999999999996 -0.15 1.8734926278570276 -0.8783133464758062 -0.22327815801372755 0.42195142345351483 -0.025875196656645488 0 0 0 0 0 0
4 2.8000000000000003 -0.3 -0.15 1.8734926278570276 -0.4531478251891444 -0.09693789171185681 -0.7354066250147829 -0.49440589555665215 0 0 0 0 0 0
5 2.8000000000000003 -0.15 -0.15 1.8734926278570276 0.7549634179631601 0.2053968533761849 0.02372159077255297 -0.6223179704072223 0 0 0 0 0 0
0 2.8000000000000003 0 -0.15 1.8734926278570276 -0.18512452360217238 0.5824112356222771 -0.21730178809144238 -0.7611215384380231 0 0 0 0 0 0
1 2.8000000000000003 0.15 -0.15 1.8734926278570276 -0.254056884810565 -0.5869957296567495 -0.6006349596775192 -0.479717372896038 0 0 0 0 0 0
2 2.8000000000000003 0.3 -0.15 1.8734926278570276 0.733530681403001 0.33148477063394927 0.4457185778531761 -0.3916446548017083 0 0 0 0 0 0
3 2.8000000000000003 0.44999999999999996 -0.15 1.8734926278570276 -0.9961471898042958 0.03697025254764626 0.059026568983329857 0.0532901569299955 0 0 0 0 0 0
4 2.8000000000000003 -0.44999999999999996 0 1.8734926278570276 -0.9748396792964299 -0.09000949846835325 -0.09180238385730609 -0.1820939652290133 0 0 0 0 0 0
5 2.8000000000000003 -0.3 0 1.8734926278570276 0.24784522304252488 0.7241495822792471 -0.15942944395810132 0.6235081236832473 0 0 0 0 0 0
0 2.8000000000000003 -0.15 0 1.8734926278570276 0.46648045908960417 -0.4164995789493039 -0.6976257610063195 -0.3496317771641448 0 0 0 0 0 0
1 2.8000000000000003 0 0 1.8734926278570276 0.9911274952682227 0.08398215696626864 0.09410168676738379 0.04193039449093446 0 0 0 0 0 0
2 2.8000000000000003 0.15 0 1.8734926278570276 -0.3996765159860315 0.8132318207792533 0.39850130242008575 -0.14180761689988133 0 0 0 0 0 0
3 2.8000000000000003 0.3 0 1.8734926278570276 0.8294709338515003 0.08496106782299184 0.5096913013792616 0.2120716014656647 0 0 0 0 0 0
4 2.8000000000000003 0.44999999999999996 0 1.8734926278570276 -0.039543200337222716 0.4318062722592084 -0.8692314202926767 -0.23752140223708848 0 0 0 0 0 0
5 2.8000000000000003 -0.44999999999999996 0.15 1.8734926278570276 -0.4196134690349524 -0.23175293319218074 0.28065721913464736 -0.8315327052551091 0 0 0 0 0 0
0 2.8000000000000003 -0.3 0.15 1.8734926278570276 0.4771537992770973 0.7940645799504155 -0.3693886935284681 0.07305948122545983 0 0 0 0 0 0
1 2.8000000000000003 -0.15 0.15 1.8734926278570276 0.8679204514019587 0.37159848284126923 -0.3282923590383735 -0.029202475670853597 0 0 0 0 0 0
2 2.8000000000000003 0 0.15 1.8734926278570276 -0.9488161908064926 0.13427836818635644 -0.2516132957971011 -0.1356757357775784 0 0 0 0 0 0
3 2.8000000000000003 0.15 0.15 1.8734926278570276 -0.46487343472603765 0.514837912236742 0.3593609828888068 -0.6242549942026253 0 0 0 0 0 0
4 2.8000000000000003 0.3 0.15 1.8734926278570276 -0.15617159636292557 0.14011203993645582 -0.9650977872186385 -0.15673324427187768 0 0 0 0 0 0
5 2.8000000000000003 0.44999999999999996 0.15 1.8734926278570276 -0.22516410097757464 0.5779590096043238 -0.5083967378295038 0.5973250939082242 0 0 0 0 0 0
0 2.8000000000000003 -0.44999999999999996 0.3 1.8734926278570276 -0.6465005449158012 0.021953951824295444 -0.2283888090450453 0.7275944071567996 0 0 0 0 0 0
1 2.8000000000000003 -0.3 0.3 1.8734926278570276 -0.39163981379335244 -0.438946873045417 0.237861598941529 0.772894403294873 0 0 0 0 0 0
2 2.8000000000000003 -0.15 0.3 1.8734926278570276 -0.03710981231695053 -0.347687382404942 -0.6768779123543545 0.6477442687612229 0 0 0 0 0 0
3 2.8000000000000003 0 0.3 1.8734926278570276 -0.19999481823253434 -0.3145606602675278 -0.6923293238606857 0.6178460738847488 0 0 0 0 0 0
4 2.8000000000000003 0.15 0.3 1.8734926278570276 0.9104440482521855 0.029765877871235913 0.39023564729383736 0.1338722043513388 0 0 0 0 0 0
5 2.8000000000000003 0.3 0.3 1.8734926278570276 0.8970052323161951 0.03411092458402161 0.42564087648481813 -0.11422741477696069 0 0 0 0 0 0
0 2.8000000000000003 0.44999999999999996 0.3 1.8734926278570276 0.0857415808752611 0.40322838743659084 0.41437491907442836 0.8113868838700553 0 0 0 0 0 0
1 2.8000000000000003 -0.44999999999999996 0.44999999999999996 1.8734926278570276 0.573165693868798 0.4302019071667551 -0.38695808957158484 -0.580233438675414 0 0 0 0 0 0
2 2.8000000000000003 -0.3 0.44999999999999996 1.8734926278570276 -0.7064032296380862 -0.533514567177973 0.047328093960618316 0.46272749571193217 0 0 0 0 0 0
3 2.8000000000000003 -0.15 0.44999999999999996 1.8734926278570276 -0.5876336624101198 0.15385228368496545 0.6660611808624772 -0.4328725643367484 0 0 0 0 0 0
4 2.8000000000000003 0 0.44999999999999996 1.8734926278570276 0.0419451224917296 -0.06628841010330286 0.5989876193063297 0.7969066979909667 0 0 0 0 0 0
5 2.8000000000000003 0.15 0.44999999999999996 1.8734926278570276 0.2062328827838045 -0.6191047339578115 -0.5620643592403936 0.5081938434508969 0 0 0 0 0 0
0 2.8000000000000003 0.3 0.44999999999999996 1.8734926278570276 0.0696373514752601 -0.030543049992816925 -0.6497318386127816 -0.7563506457123587 0 0 0 0 0 0
1 2.8000000000000003 0.44999999999999996 0.44999999999999996 1.8734926278570276 0.939711466307997 -0.20398228765563467 0.08861977407857306 0.25976936319418215 0 0 0 0 0 0
2 3.2 -0.44999999999999996 -0.44999999999999996 1.8734926278570276 0.9666415873725658 0.18942712075235785 -0.059430965670991834 0.1618312942688508 0 0 0 0 0 0
3 3.2 -0.3 -0.44999999999999996 1.8734926278570276 -0.6935837205071822 -0.4861136289878064 0.3581836193592795 -0.39286086237039064 0 0 0 0 0 0
4 3.2 -0.15 -0.44999999999999996 1.8734926278570276 0.7392551346527596 0.16899828932808209 0.5200067536817011 0.39310863666311224 0 0 0 0 0 0
5 3.2 0 -0.44999999999999996 1.8734926278570276 -0.9996456734681617 -0.005673587076102235 0.002561619440789141 -0.02588003152849347 0 0 0 0 0 0
0 3.2 0.15 -0.44999999999999996 1.8734926278570276 -0.962681321153241 0.1636376972832327 0.13625194077871494 0.16704127203935287 0 0 0 0 0 0
1 3.2 0.3 -0.44999999999999996 1.8734926278570276 -0.9992059875239236 0.020361600035788113 -0.004978331348353649 0.033882384173920706 0 0 0 0 0 0
2 3.2 0.44999999999999996 -0.44999999999999996 1.8734926278570276 0.8877474047361726 0.27722851303848706 -0.2944441557340983 0.21988982717873398 0 0 0 0 0 0
3 3.2 -0.44999999999999996 -0.3 1.8734926278570276 0.9165453320542425 0.38488713358597065 0.10655127976164142 -0.02129256843854147 0 0 0 0 0 0
4 3.2 -0.3 -0.3 1.8734926278570276 0.9455374977841419 0.11339940215982468 0.21355872915150967 -0.2179267883420724 0 0 0 0 0 0
5 3.2 -0.15 -0.3 1.8734926278570276 0.49276648059365064 -0.12855084304575007 0.8510436503021745 -0.12798664631876366 0 0 0 0 0 0
0 3.2 0 -0.3 1.8734926278570276 0.9999910870351985 -0.0033544258164254466 0.0017067384069340327 0.0019133012346707744 0 0 0 0 0 0
1 3.2 0.15 -0.3 1.8734926278570276 0.16723878697401462 -0.4768860424376075 0.034430571455426384 0.8622212166311553 0 0 0 0 0 0
2 3.2 0.3 -0.3 1.8734926278570276 0.7946300095141375 0.359609803688279 0.4866282684050674 0.04936461748990607 0 0 0 0 0 0
3 3.2 0.44999999999999996 -0.3 1.8734926278570276 0.14010723870886693 -0.3231449358373415 -0.6382522686199246 0.6845300239621173 0 0 0 0 0 0
4 3.2 -0.44999999999999996 -0.15 1.8734926278570276 -0.15927243424472495 -0.06832629107463077 -0.8244115016221315 0.5388037542843285 0 0 0 0 0 0
5 3.2 -0.3 -0.15 1.8734926278570276 0.9966301242374627 0.05158306521891692 -0.04265138989372523 0.0474177370313485 0 0 0 0 0 0
0 3.2 -0.15 -0.15 1.8734926278570276 0.9674054829049565 -0.18947562911396398 0.03229666790075049 -0.16487129180001037 0 0 0 0 0 0
1 3.2 0 -0.15 1.8734926278570276 -0.18899355232989512 0.625040208863433 0.08816184333051552 -0.7522191594623531 0 0 0 0 0 0
2 3.2 0.15 -0.15 1.8734926278570276 0.7297192822736767 0.3001319748495731 -0.021898734175316747 0.6139633638845271 0 0 0 0 0 0
3 3.2 0.3 -0.15 1.8734926278570276 0.9999978448440264 -0.0015559225137817198 0.0010368534831391866 -0.0009024119281872421 0 0 0 0 0 0
4 3.2 0.44999999999999996 -0.15 1.8734926278570276 0.7493331988554848 0.1802081666376856 0.3678606034867899 -0.5202916010973321 0 0 0 0 0 0
5 3.2 -0.44999999999999996 0 1.8734926278570276 -0.48531342470876504 -0.223603059609501 0.5634682370324491 0.6300603918564186 0 0 0 0 0 0
0 3.2 -0.3 0 1.8734926278570276 -0.9079684382498066 -0.1699339102674323 -0.35820600544332504 0.13566222373145767 0 0 0 0 0 0
1 3.2 -0.15 0 1.8734926278570276 -0.7945675818475284 0.28789447260208306 0.5300672031135408 0.06933895518053311 0 0 0 0 0 0
2 3.2 0 0 1.8734926278570276 -0.947191542157042 0.04216111921728846 0.22906296457345368 -0.22041048240347075 0 0 0 0 0 0
3 3.2 0.15 0 1.8734926278570276 0.9995558967398646 0.02020831393138249 -0.000492531279082297 0.021894993801212785 0 0 0 0 0 0
4 3.2 0.3 0 1.8734926278570276 -0.9797038157820049 -0.05048658277786406 0.13125877214384896 -0.14283792576512133 0 0 0 0 0 0
5 3.2 0.44999999999999996 0 1.8734926278570276 -0.8748132956036387 -0.24075413363347267 0.2920767316494661 -0.3023744827237614 0 0 0 0 0 0
0 3.2 -0.44999999999999996 0.15 1.8734926278570276 -0.5904393320101667 -0.40718821662199006 -0.19950218189064364 0.667666107332448 0 0 0 0 0 0
1 3.2 -0.3 0.15 1.8734926278570276 -0.992492202991421 -0.09650277479903048 -0.004515122508481226 0.07500703384387941 0 0 0 0 0 0
2 3.2 -0.15 0.15 1.8734926278570276 0.8513467704322868 -0.29647718743712304 0.16018166712468318 0.4020594325731525 0 0 0 0 0 0
3 3.2 0 0.15 1.8734926278570276 0.7879218185143281 0.5711989721064321 -0.2279220642829332 0.031023777762165312 0 0 0 0 0 0
4 3.2 0.15 0.15 1.8734926278570276 0.2016524909737005 -0.26373864132287433 0.4912745276358286 -0.8052499863107477 0 0 0 0 0 0
5 3.2 0.3 0.15 1.8734926278570276 -0.39773031265621644 0.03614490872732431 0.890271592773455 0.21890782322269206 0 0 0 0 0 0
0 3.2 0.44999999999999996 0.15 1.8734926278570276 -0.9928005452600002 -0.04630850990130295 0.10397421329911062 0.03730900978313747 0 0 0 0 0 0
1 3.2 -0.44999999999999996 0.3 1.8734926278570276 0.9914749117993638 -0.06412327279993876 0.032725800695737585 0.10860353183341409 0 0 0 0 0 0
2 3.2 -0.3 0.3 1.8734926278570276 -0.9969373320785804 -0.06843450121297996 0.024058430016853902 0.029221000956456546 0 0 0 0 0 0
3 3.2 -0.15 0.3 1.8734926278570276 0.940835608828788 0.2313997047176762 0.20672861681360497 0.136183012180924 0 0 0 0 0 0
4 3.2 0 0.3 1.8734926278570276 0.3063608243962203 -0.2966410841301735 0.2645315567330043 -0.8649683046064501 0 0 0 0 0 0
5 3.2 0.15 0.3 1.8734926278570276 -0.835390521238049 -0.03964125725602999 0.46554037835181616 0.28952271736917284 0 0 0 0 0 0
0 3.2 0.3 0.3 1.8734926278570276 -0.1556529166024595 -0.8071428630072361 -0.12546555959195285 0.5554736371835375 0 0 0 0 0 0
1 3.2 0.44999999999999996 0.3 1.8734926278570276 0.5147872227062131 -0.29240170692461775 0.47490269996678397 -0.6511242452022906 0 0 0 0 0 0
2 3.2 -0.44999999999999996 0.44999999999999996 1.8734926278570276 -0.9994858976800078 0.021574440360106646 0.01796637188329749 -0.015482032918458939 0 0 0 0 0 0
3 3.2 -0.3 0.44999999999999996 1.8734926278570276 -0.4914536616158805 -0.23101321493734994 0.567153654508595 0.6192276844474887 0 0 0 0 0 0
4 3.2 -0.15 0.44999999999999996 1.8734926278570276 0.9843463968688466 0.038874522160012095 0.07324954590493976 -0.15551670817912114 0 0 0 0 0 0
5 3.2 0 0.44999999999999996 1.8734926278570276 0.13159301543783156 -0.5098525104968274 -0.7451775338331444 -0.4091993877053264 0 0 0 0 0 0
0 3.2 0.15 0.44999999999999996 1.8734926278570276 0.6171066491731086 -0.6831256959151955 0.17555951066737147 0.3488517240045557 0 0 0 0 0 0
1 3.2 0.3 0.44999999999999996 1.8734926278570276 0.9961550191187802 0.08619328501240779 0.014979596356787672 -0.004637585171195085 0 0 0 0 0 0
2 3.2 0.44999999999999996 0.44999999999999996 1.8734926278570276 0.7112862753184825 -0.653445708847644 0.0365977347492761 -0.25640036260384197 0 0 0 0 0 0
3 3.6 -0.44999999999999996 -0.44999999999999996 1.8734926278570276 -0.5540961114672992 -0.604336243307398 0.3235697827624491 -0.4722899532755079 0 0 0 0 0 0
4 3.6 -0.3 -0.44999999999999996 1.8734926278570276 0.963118144033967 -0.020274088795748914 0.2586694511627986 0.07129177365731193 0 0 0 0 0 0
5 3.6 -0.15 -0.44999999999999996 1.8734926278570276 0.4545401754240409 -0.5919553515752586 0.4864076456429825 -0.4543013239326351 0 0 0 0 0 0
0 3.6 0 -0.44999999999999996 1.8734926278570276 -0.8088003112519095 -0.30198665874170694 0.38682074296821695 0.32406145600850295 0 0 0 0 0 0
1 3.6 0.15 -0.44999999999999996 1.8734926278570276 -0.9998497461848848 -0.0064958143774204126 0.015340549556458943 0.004791345207922632 0 0 0 0 0 0
2 3.6 0.3 -0.44999999999999996 1.8734926278570276 -0.6107630990419237 0.3912368646697675 -0.2369098291387659 0.6463558504643677 0 0 0 0 0 0
3 3.6 0.44999999999999996 -0.44999999999999996 1.8734926278570276 -0.9963103525774468 0.004566295493905981 0.06419233858523936 -0.056781810110490945 0 0 0 0 0 0
4 3.6 -0.44999999999999996 -0.3 1.8734926278570276 0.6159788947450134 -0.38085613662789847 0.6140127662913216 -0.3138581323669373 0 0 0 0 0 0
5 3.6 -0.3 -0.3 1.8734926278570276 -0.24927186071598612 0.7211803637464655 -0.04432047796713194 -0.6448240982116523 0 0 0 0 0 0
0 3.6 -0.15 -0.3 1.8734926278570276 -0.5390547802875554 -0.8072655108114946 0.1482423046690286 0.18912048543139703 0 0 0 0 0 0
1 3.6 0 -0.3 1.8734926278570276 -0.15373261733529062 -0.5394557744098538 -0.1693310725752137 0.8103584007608201 0 0 0 0 0 0
2 3.6 0.15 -0.3 1.8734926278570276 0.06859574183105482 -0.4076475294593914 0.616291926838884 0.6703002139649947 0 0 0 0 0 0
3 3.6 0.3 -0.3 1.8734926278570276 0.10475684295904897 -0.37841145714529306 0.5855010576752695 0.7092385243453503 0 0 0 0 0 0
4 3.6 0.44999999999999996 -0.3 1.8734926278570276 -0.9756861411490412 -0.04294067011593077 0.03506159651619909 0.21204560186295618 0 0 0 0 0 0
5 3.6 -0.44999999999999996 -0.15 1.8734926278570276 -0.8235895663330804 0.51906500148387 -0.06675307454955075 0.21866819041648605 0 0 0 0 0 0
0 3.6 -0.3 -0.15 1.8734926278570276 -0.5325051959877805 -0.3037323866076528 -0.4833052680741806 -0.6249806968406137 0 0 0 0 0 0
1 3.6 -0.15 -0.15 1.8734926278570276 0.19655486548652584 -0.6630414149930749 0.5309437989624487 0.48973559111103815 0 0 0 0 0 0
2 3.6 0 -0.15 1.8734926278570276 -0.9977608601456421 0.018817123502536556 0.05222404276880692 0.03730725373704752 0 0 0 0 0 0
3 3.6 0.15 -0.15 1.8734926278570276 0.730768527140997 -0.09936842356729426 0.6569031895130912 -0.15678480712574275 0 0 0 0 0 0
4 3.6 0.3 -0.15 1.8734926278570276 0.4344392254522181 -0.7448854788175363 0.19840724809918486 -0.46587846777561526 0 0 0 0 0 0
5 3.6 0.44999999999999996 -0.15 1.8734926278570276 -0.2950822181399854 -0.9374656595940857 0.13408270396962887 -0.1269111898754598 0 0 0 0 0 0
0 3.6 -0.44999999999999996 0 1.8734926278570276 0.9903282641297058 0.08401399844500403 0.04107722016197349 0.10249019131063869 0 0 0 0 0 0
1 3.6 -0.3 0 1.8734926278570276 0.9952562668325315 0.07064421453072516 -0.05838200520100503 -0.03264812020039552 0 0 0 0 0 0
2 3.6 -0.15 0 1.8734926278570276 0.8708068270523699 0.2961458057642826 0.322038716723829 0.22424138025368393 0 0 0 0 0 0
3 3.6 0 0 1.8734926278570276 -0.9281631417710616 -0.2635045168976062 -0.05506466551220825 -0.2569950085979493 0 0 0 0 0 0
4 3.6 0.15 0 1.8734926278570276 0.9723939558029941 0.16799057864210817 -0.13763894394443488 0.08535034455205777 0 0 0 0 0 0
5 3.6 0.3 0 1.8734926278570276 -0.6211683474372959 -0.7443233748412388 -0.23925076098304923 -0.05377426127804499 0 0 0 0 0 0
0 3.6 0.44999999999999996 0 1.8734926278570276 -0.38512841371127676 -0.7258739000113338 -0.4272155738957195 -0.3771870088636708 0 0 0 0 0 0
1 3.6 -0.44999999999999996 0.15 1.8734926278570276 -0.824759353280157 0.02178734585324441 0.3948630415612749 -0.40420353678134385 0 0 0 0 0 0
2 3.6 -0.3 0.15 1.8734926278570276 0.8998974014583275 0.2845297317643299 0.30339644892922785 0.13106522562374262 0 0 0 0 0 0
3 3.6 -0.15 0.15 1.8734926278570276 -0.9793492467568318 -0.13037485762271403 -0.12230749524688699 0.09443688888943752 0 0 0 0 0 0
4 3.6 0 0.15 1.8734926278570276 -0.6634391175372143 -0.579625971837608 0.4655497734265917 0.08453211552540213 0 0 0 0 0 0
5 3.6 0.15 0.15 1.8734926278570276 -0.7468647087664231 0.10737332223487045 -0.19046831099097652 0.6280015119247225 0 0 0 0 0 0
0 3.6 0.3 0.15 1.8734926278570276 0.7214896684015826 0.5708223393493929 0.28434339475270176 -0.26974682417031404 0 0 0 0 0 0
1 3.6 0.44999999999999996 0.15 1.8734926278570276 0.8594471414158813 0.3490781284215452 0.2716767919854166 0.2562943465359584 0 0 0 0 0 0
2 3.6 -0.44999999999999996 0.3 1.8734926278570276 0.922706250868274 -0.2658509581271124 0.23854480526742083 -0.14502695801622018 0 0 0 0 0 0
3 3.6 -0.3 0.3 1.8734926278570276 -0.80046687041658 -0.002792375184829638 0.45352993531408886 -0.3918616972610513 0 0 0 0 0 0
4 3.6 -0.15 0.3 1.8734926278570276 -0.9635726124091483 0.03220688101754378 0.1697010394071654 0.2041864213268326 0 0 0 0 0 0
5 3.6 0 0.3 1.8734926278570276 -0.960613963458186 0.1805978637724665 0.11737310704746634 0.17558125911383782 0 0 0 0 0 0
0 3.6 0.15 0.3 1.8734926278570276 -0.9850122038535896 -0.10801193392834528 -0.06938181587152716 -0.11519784726687778 0 0 0 0 0 0
1 3.6 0.3 0.3 1.8734926278570276 0.460822808798886 0.10178709664892024 -0.8666172908285793 0.16203764094623951 0 0 0 0 0 0
2 3.6 0.44999999999999996 0.3 1.8734926278570276 -0.9748279861486794 0.19790110466926075 0.04969821696458602 0.0898645504219402 0 0 0 0 0 0
3 3.6 -0.44999999999999996 0.44999999999999996 1.8734926278570276 -0.9984021413267814 -0.016967584934651708 0.028235407230670057 0.04591325553803933 0 0 0 0 0 0
4 3.6 -0.3 0.44999999999999996 1.8734926278570276 0.8778642877944607 -0.19195498917127266 -0.28481368095279885 -0.33374951908504413 0 0 0 0 0 0
5 3.6 -0.15 0.44999999999999996 1.8734926278570276 0.13057056884934642 -0.555541204282568 0.07868653841827328 -0.8173944736578427 0 0 0 0 0 0
0 3.6 0 0.44999999999999996 1.8734926278570276 0.44245897513915416 0.007321376250928188 0.45734863064990194 0.7713680592371331 0 0 0 0 0 0
1 3.6 0.15 0.44999999999999996 1.8734926278570276 -0.1721005153481293 0.3102315163004691 -0.6448312242928823 0.6770011160166302 0 0 0 0 0 0
2 3.6 0.3 0.44999999999999996 1.8734926278570276 0.3468143149450352 -0.685481883240518 0.39452280237508436 -0.5041687982257026 0 0 0 0 0 0
3 3.6 0.44999999999999996 0.44999999999999996 1.8734926278570276 0.2876869939015167 0.3719028417972105 0.8475684739465242 0.24607346824683873 0 0 0 0 0 0
4 4 -0.44999999999999996 -0.44999999999999996 1.8734926278570276 0.07570796345282937 0.28672542412813534 -0.010211199913854935 0.9549620761185679 0 0 0 0 0 0
5 4 -0.3 -0.44999999999999996 1.8734926278570276 0.8465313495457072 0.21760940518094862 0.31651463099250143 -0.3685774130095307 0 0 0 0 0 0
0 4 -0.15 -0.44999999999999996 1.8734926278570276 -0.0367664526966017 -0.6912766700024837 0.28888659103192316 0.6613088015355157 0 0 0 0 0 0
1 4 0 -0.44999999999999996 1.8734926278570276 -0.970215570951558 0.2361625027456569 0.007295292171347183 0.05343965655002556 0 0 0 0 0 0
2 4 0.15 -0.44999999999999996 1.8734926278570276 0.17020482895130346 0.7054241150985093 0.3954156445303342 0.5630751300668527 0 0 0 0 0 0
3 4 0.3 -0.44999999999999996 1.8734926278570276 -0.988818593351741 0.011508409832243759 -0.1287780981417066 -0.0743071152987537 0 0 0 0 0 0
4 4 0.44999999999999996 -0.44999999999999996 1.8734926278570276 0.9516737389490679 -0.23411297522932886 -0.1628942379140486 0.11390204861359701 0 0 0 0 0 0
5 4 -0.44999999999999996 -0.3 1.8734926278570276 -0.033977011815835206 0.7249867056386187 0.6482286296634474 -0.23030302429620594 0 0 0 0 0 0
0 4 -0.3 -0.3 1.8734926278570276 -0.29754161128386114 0.6226709993915001 0.38138219280542396 0.6150588907432529 0 0 0 0 0 0
1 4 -0.15 -0.3 1.8734926278570276 0.9981100657502472 -0.0016720855111797593 0.04965810758228801 -0.0361603806593122 0 0 0 0 0 0
2 4 0 -0.3 1.8734926278570276 -0.785996218012618 0.44277566531178164 0.2983499121413573 -0.3116841115662051 0 0 0 0 0 0
3 4 0.15 -0.3 1.8734926278570276 -0.3542392634693955 0.5284154334286261 0.7004264104570621 0.3235653217904118 0 0 0 0 0 0
4 4 0.3 -0.3 1.8734926278570276 0.013349934152432795 -0.4785015214237742 -0.7480565576384653 -0.4596405767851097 0 0 0 0 0 0
5 4 0.44999999999999996 -0.3 1.8734926278570276 -0.2831458801172959 0.7180809737883191 -0.02112479017671543 -0.6354068530444185 0 0 0 0 0 0
0 4 -0.44999999999999996 -0.15 1.8734926278570276 -0.7675029725363441 -0.6181582476492246 -0.08543206206752343 0.1467001389979115 0 0 0 0 0 0
1 4 -0.3 -0.15 1.8734926278570276 -0.8494327071660487 0.052313857830766766 -0.016525412435165462 -0.5248373529192333 0 0 0 0 0 0
2 4 -0.15 -0.15 1.8734926278570276 0.9800317974577903 0.1799072890102402 -0.07175091384905058 -0.04497610137022326 0 0 0 0 0 0
3 4 0 -0.15 1.8734926278570276 0.908549903058347 0.24300625228216863 -0.3398207526529512 0.0026250849176824333 0 0 0 0 0 0
4 4 0.15 -0.15 1.8734926278570276 -0.02502404137467992 -0.6894270287303178 0.43932797856059114 0.5753738755480897 0 0 0 0 0 0
5 4 0.3 -0.15 1.8734926278570276 -0.9762208342966516 -0.1374002756828914 -0.09635746281468636 -0.13721984655045805 0 0 0 0 0 0
0 4 0.44999999999999996 -0.15 1.8734926278570276 -0.12586546516997194 0.23748817282281262 -0.8878365810754846 0.3735016167984056 0 0 0 0 0 0
1 4 -0.44999999999999996 0 1.8734926278570276 0.496056037082605 -0.42925201509994637 -0.3758308984752031 0.6545397248126795 0 0 0 0 0 0
