PACK1
1000 .5 0 0 -9.81 10.8 60 10 6
13
24
0.038 -5.335292611071861e-18 -0.03539395672481174
0.03290896534380866 -0.019000000000000024 -0.03539395672481174
0.019000000000000003 -0.032908965343808674 -0.03539395672481174
-6.980486755139913e-18 -0.038000000000000006 -0.03539395672481174
-0.019000000000000017 -0.03290896534380867 -0.03539395672481174
-0.032908965343808674 -0.018999999999999996 -0.03539395672481174
-0.038 -6.816347743119188e-19 -0.03539395672481174
-0.03290896534380867 0.01899999999999999 -0.03539395672481174
-0.018999999999999993 0.03290896534380866 -0.03539395672481174
2.326828918379971e-18 0.03799999999999999 -0.03539395672481174
0.019000000000000003 0.03290896534380866 -0.03539395672481174
0.03290896534380867 0.01899999999999999 -0.03539395672481174
0.038 -5.335292611071861e-18 -0.029393956724811737
0.03290896534380867 0.01899999999999999 -0.029393956724811737
0.019000000000000003 0.03290896534380866 -0.029393956724811737
2.326828918379971e-18 0.03799999999999999 -0.029393956724811737
-0.018999999999999993 0.03290896534380866 -0.029393956724811737
-0.03290896534380867 0.01899999999999999 -0.029393956724811737
-0.038 -6.816347743119188e-19 -0.029393956724811737
-0.032908965343808674 -0.018999999999999996 -0.029393956724811737
-0.019000000000000017 -0.03290896534380867 -0.029393956724811737
-6.980486755139913e-18 -0.038000000000000006 -0.029393956724811737
0.019000000000000003 -0.032908965343808674 -0.029393956724811737
0.03290896534380866 -0.019000000000000024 -0.029393956724811737
8
0.038 -5.335292611071861e-18 -0.029393956724811744
0.03290896534380867 0.01899999999999999 -0.029393956724811744
0.03723909236273086 0.021499999999999988 0.04460604327518826
0.043 -5.335292611071861e-18 0.04460604327518826
0.027712812921102038 0.01599999999999999 -0.029393956724811744
0.03204293994002423 0.01849999999999999 0.04460604327518826
0.032 -5.335292611071861e-18 -0.029393956724811744
0.037 -5.335292611071861e-18 0.04460604327518826
8
0.016000000000000004 0.027712812921102028 -0.029393956724811744
0.018500000000000003 0.03204293994002422 0.04460604327518826
0.021500000000000002 0.03723909236273085 0.04460604327518826
0.019000000000000003 0.03290896534380866 -0.029393956724811744
0.03290896534380867 0.01899999999999999 -0.029393956724811744
0.03723909236273086 0.021499999999999988 0.04460604327518826
0.027712812921102038 0.01599999999999999 -0.029393956724811744
0.03204293994002423 0.01849999999999999 0.04460604327518826
8
0.019000000000000003 0.03290896534380866 -0.029393956724811744
2.326828918379971e-18 0.03799999999999999 -0.029393956724811744
2.6329906181668093e-18 0.04299999999999999 0.04460604327518826
0.021500000000000002 0.03723909236273085 0.04460604327518826
1.959434878635765e-18 0.031999999999999994 -0.029393956724811744
2.2655965784226034e-18 0.03699999999999999 0.04460604327518826
0.016000000000000004 0.027712812921102028 -0.029393956724811744
0.018500000000000003 0.03204293994002422 0.04460604327518826
8
2.326828918379971e-18 0.03799999999999999 -0.029393956724811744
-0.018999999999999993 0.03290896534380866 -0.029393956724811744
-0.021499999999999988 0.037239092362730854 0.04460604327518826
2.6329906181668093e-18 0.04299999999999999 0.04460604327518826
1.959434878635765e-18 0.031999999999999994 -0.029393956724811744
2.2655965784226034e-18 0.03699999999999999 0.04460604327518826
-0.015999999999999993 0.02771281292110203 -0.029393956724811744
-0.018499999999999992 0.032042939940024225 0.04460604327518826
8
-0.018999999999999993 0.03290896534380866 -0.029393956724811744
-0.03290896534380867 0.01899999999999999 -0.029393956724811744
-0.03723909236273086 0.021499999999999988 0.04460604327518826
-0.021499999999999988 0.037239092362730854 0.04460604327518826
-0.015999999999999993 0.02771281292110203 -0.029393956724811744
-0.018499999999999992 0.032042939940024225 0.04460604327518826
-0.027712812921102038 0.01599999999999999 -0.029393956724811744
-0.03204293994002423 0.01849999999999999 0.04460604327518826
8
-0.03290896534380867 0.01899999999999999 -0.029393956724811744
-0.038 -6.816347743119188e-19 -0.029393956724811744
-0.043 -6.931137473824197e-20 0.04460604327518826
-0.03723909236273086 0.021499999999999988 0.04460604327518826
-0.027712812921102038 0.01599999999999999 -0.029393956724811744
-0.032 -1.4164228538003306e-18 -0.029393956724811744
-0.03204293994002423 0.01849999999999999 0.04460604327518826
-0.037 -8.040994542266538e-19 0.04460604327518826
8
-0.037 -8.040994542266538e-19 0.04460604327518826
-0.043 -6.931137473824197e-20 0.04460604327518826
-0.03723909236273087 -0.021499999999999995 0.04460604327518826
-0.03204293994002423 -0.018499999999999996 0.04460604327518826
-0.02771281292110204 -0.015999999999999997 -0.029393956724811744
-0.032908965343808674 -0.018999999999999996 -0.029393956724811744
-0.038 -6.816347743119188e-19 -0.029393956724811744
-0.032 -1.4164228538003306e-18 -0.029393956724811744
8
-0.03204293994002423 -0.018499999999999996 0.04460604327518826
-0.03723909236273087 -0.021499999999999995 0.04460604327518826
-0.02150000000000002 -0.03723909236273086 0.04460604327518826
-0.018500000000000016 -0.03204293994002423 0.04460604327518826
-0.02771281292110204 -0.015999999999999997 -0.029393956724811744
-0.032908965343808674 -0.018999999999999996 -0.029393956724811744
-0.016000000000000014 -0.027712812921102038 -0.029393956724811744
-0.019000000000000017 -0.03290896534380867 -0.029393956724811744
8
-0.018500000000000016 -0.03204293994002423 0.04460604327518826
-0.02150000000000002 -0.03723909236273086 0.04460604327518826
-7.898971854500428e-18 -0.043000000000000003 0.04460604327518826
-6.79678973526781e-18 -0.037000000000000005 0.04460604327518826
-5.8783046359072955e-18 -0.03200000000000001 -0.029393956724811744
-6.980486755139913e-18 -0.038000000000000006 -0.029393956724811744
-0.019000000000000017 -0.03290896534380867 -0.029393956724811744
-0.016000000000000014 -0.027712812921102038 -0.029393956724811744
8
-6.980486755139913e-18 -0.038000000000000006 -0.029393956724811744
0.019000000000000003 -0.032908965343808674 -0.029393956724811744
0.021500000000000002 -0.03723909236273086 0.04460604327518826
-7.898971854500428e-18 -0.043000000000000003 0.04460604327518826
-5.8783046359072955e-18 -0.03200000000000001 -0.029393956724811744
-6.79678973526781e-18 -0.037000000000000005 0.04460604327518826
0.016000000000000004 -0.02771281292110204 -0.029393956724811744
0.018500000000000003 -0.03204293994002423 0.04460604327518826
8
0.016000000000000004 -0.02771281292110204 -0.029393956724811744
0.019000000000000003 -0.032908965343808674 -0.029393956724811744
0.021500000000000002 -0.03723909236273086 0.04460604327518826
0.018500000000000003 -0.03204293994002423 0.04460604327518826
0.03290896534380866 -0.019000000000000024 -0.029393956724811744
0.03723909236273085 -0.021500000000000026 0.04460604327518826
0.027712812921102028 -0.01600000000000002 -0.029393956724811744
0.03204293994002422 -0.018500000000000023 0.04460604327518826
8
0.027712812921102028 -0.01600000000000002 -0.029393956724811744
0.03290896534380866 -0.019000000000000024 -0.029393956724811744
0.03723909236273085 -0.021500000000000026 0.04460604327518826
0.03204293994002422 -0.018500000000000023 0.04460604327518826
0.038 -1.4642608284591745e-17 -0.029393956724811744
0.043 -1.58672550837391e-17 0.04460604327518826
0.032 -1.3173032125614922e-17 -0.029393956724811744
0.037 -1.4397678924762275e-17 0.04460604327518826
13
24
0.034 3.7007181036038086e-18 -0.020632078892031037
0.029444863728670907 -0.01700000000000001 -0.020632078892031037
0.017000000000000005 -0.02944486372867091 -0.020632078892031037
-5.320878066451926e-18 -0.033999999999999996 -0.020632078892031037
-0.017000000000000015 -0.029444863728670907 -0.020632078892031037
-0.02944486372867092 -0.016999999999999987 -0.020632078892031037
-0.034 7.86451722070481e-18 -0.020632078892031037
-0.029444863728670917 0.017 -0.020632078892031037
-0.016999999999999994 0.02944486372867092 -0.020632078892031037
3.0067201677500757e-18 0.03400000000000001 -0.020632078892031037
0.017000000000000005 0.029444863728670917 -0.020632078892031037
0.029444863728670917 0.017 -0.020632078892031037
0.034 3.7007181036038086e-18 -0.014632078892031037
0.029444863728670917 0.017 -0.014632078892031037
0.017000000000000005 0.029444863728670917 -0.014632078892031037
3.0067201677500757e-18 0.03400000000000001 -0.014632078892031037
-0.016999999999999994 0.02944486372867092 -0.014632078892031037
-0.029444863728670917 0.017 -0.014632078892031037
-0.034 7.86451722070481e-18 -0.014632078892031037
-0.02944486372867092 -0.016999999999999987 -0.014632078892031037
-0.017000000000000015 -0.029444863728670907 -0.014632078892031037
-5.320878066451926e-18 -0.033999999999999996 -0.014632078892031037
0.017000000000000005 -0.02944486372867091 -0.014632078892031037
0.029444863728670907 -0.01700000000000001 -0.014632078892031037
8
0.059000000000000004 3.7007181036038086e-18 0.022367921107968966
0.065 3.7007181036038086e-18 0.022367921107968966
0.05629165124598852 0.0325 0.022367921107968966
0.05109549882328189 0.029500000000000002 0.022367921107968966
0.028000000000000004 3.7007181036038086e-18 -0.014632078892031037
0.034 3.7007181036038086e-18 -0.014632078892031037
0.024248711305964288 0.014000000000000004 -0.014632078892031037
0.029444863728670917 0.017 -0.014632078892031037
8
0.029444863728670917 0.017 -0.014632078892031037
0.017000000000000005 0.029444863728670917 -0.014632078892031037
0.03250000000000001 0.05629165124598852 0.022367921107968966
0.05629165124598852 0.0325 0.022367921107968966
0.014000000000000007 0.024248711305964288 -0.014632078892031037
0.02950000000000001 0.05109549882328189 0.022367921107968966
0.024248711305964288 0.014000000000000004 -0.014632078892031037
0.05109549882328189 0.029500000000000002 0.022367921107968966
8
0.017000000000000005 0.029444863728670917 -0.014632078892031037
3.0067201677500757e-18 0.03400000000000001 -0.014632078892031037
4.9049227064284736e-18 0.065 0.022367921107968966
0.03250000000000001 0.05629165124598852 0.022367921107968966
2.63932612800587e-18 0.028000000000000008 -0.014632078892031037
4.537528666684268e-18 0.05900000000000001 0.022367921107968966
0.014000000000000007 0.024248711305964288 -0.014632078892031037
0.02950000000000001 0.05109549882328189 0.022367921107968966
8
3.0067201677500757e-18 0.03400000000000001 -0.014632078892031037
-0.016999999999999994 0.02944486372867092 -0.014632078892031037
-0.03249999999999999 0.056291651245988526 0.022367921107968966
4.9049227064284736e-18 0.065 0.022367921107968966
2.63932612800587e-18 0.028000000000000008 -0.014632078892031037
4.537528666684268e-18 0.05900000000000001 0.022367921107968966
-0.013999999999999993 0.02424871130596429 -0.014632078892031037
-0.029499999999999988 0.0510954988232819 0.022367921107968966
8
-0.029499999999999988 0.0510954988232819 0.022367921107968966
-0.03249999999999999 0.056291651245988526 0.022367921107968966
-0.05629165124598852 0.0325 0.022367921107968966
-0.05109549882328189 0.029500000000000002 0.022367921107968966
-0.013999999999999993 0.02424871130596429 -0.014632078892031037
-0.016999999999999994 0.02944486372867092 -0.014632078892031037
-0.029444863728670917 0.017 -0.014632078892031037
-0.024248711305964288 0.014000000000000004 -0.014632078892031037
8
-0.029444863728670917 0.017 -0.014632078892031037
-0.034 7.86451722070481e-18 -0.014632078892031037
-0.065 1.1660922298061606e-17 0.022367921107968966
-0.05629165124598852 0.0325 0.022367921107968966
-0.024248711305964288 0.014000000000000004 -0.014632078892031037
-0.05109549882328189 0.029500000000000002 0.022367921107968966
-0.028000000000000004 7.129729141216398e-18 -0.014632078892031037
-0.059000000000000004 1.0926134218573193e-17 0.022367921107968966
8
-0.059000000000000004 1.0926134218573193e-17 0.022367921107968966
-0.065 1.1660922298061606e-17 0.022367921107968966
-0.056291651245988526 -0.03249999999999997 0.022367921107968966
-0.05109549882328189 -0.02949999999999998 0.022367921107968966
-0.02424871130596429 -0.013999999999999992 -0.014632078892031037
-0.02944486372867092 -0.016999999999999987 -0.014632078892031037
-0.034 7.86451722070481e-18 -0.014632078892031037
-0.028000000000000004 7.129729141216398e-18 -0.014632078892031037
8
-0.05109549882328189 -0.02949999999999998 0.022367921107968966
-0.056291651245988526 -0.03249999999999997 0.022367921107968966
-0.03250000000000003 -0.0562916512459885 0.022367921107968966
-0.02950000000000003 -0.05109549882328187 0.022367921107968966
-0.02424871130596429 -0.013999999999999992 -0.014632078892031037
-0.02944486372867092 -0.016999999999999987 -0.014632078892031037
-0.014000000000000012 -0.024248711305964277 -0.014632078892031037
-0.017000000000000015 -0.029444863728670907 -0.014632078892031037
8
-0.02950000000000003 -0.05109549882328187 0.022367921107968966
-0.03250000000000003 -0.0562916512459885 0.022367921107968966
-1.1015485682487118e-17 -0.065 0.022367921107968966
-9.9133035632545e-18 -0.059 0.022367921107968966
-4.2186959472193084e-18 -0.028 -0.014632078892031037
-5.320878066451926e-18 -0.033999999999999996 -0.014632078892031037
-0.017000000000000015 -0.029444863728670907 -0.014632078892031037
-0.014000000000000012 -0.024248711305964277 -0.014632078892031037
8
-5.320878066451926e-18 -0.033999999999999996 -0.014632078892031037
0.017000000000000005 -0.02944486372867091 -0.014632078892031037
0.03250000000000001 -0.056291651245988505 0.022367921107968966
-1.1015485682487118e-17 -0.065 0.022367921107968966
-4.2186959472193084e-18 -0.028 -0.014632078892031037
-9.9133035632545e-18 -0.059 0.022367921107968966
0.014000000000000007 -0.02424871130596428 -0.014632078892031037
0.02950000000000001 -0.051095498823281876 0.022367921107968966
8
0.017000000000000005 -0.02944486372867091 -0.014632078892031037
0.029444863728670907 -0.01700000000000001 -0.014632078892031037
0.0562916512459885 -0.03250000000000002 0.022367921107968966
0.03250000000000001 -0.056291651245988505 0.022367921107968966
0.014000000000000007 -0.02424871130596428 -0.014632078892031037
0.024248711305964277 -0.01400000000000001 -0.014632078892031037
0.02950000000000001 -0.051095498823281876 0.022367921107968966
0.05109549882328187 -0.029500000000000026 0.022367921107968966
8
0.05109549882328187 -0.029500000000000026 0.022367921107968966
0.0562916512459885 -0.03250000000000002 0.022367921107968966
0.065 -1.2219690285311784e-17 0.022367921107968966
0.059000000000000004 -1.075011412633496e-17 0.022367921107968966
0.029444863728670907 -0.01700000000000001 -0.014632078892031037
0.034 -4.626880130598193e-18 -0.014632078892031037
0.028000000000000004 -3.1573039716213704e-18 -0.014632078892031037
0.024248711305964277 -0.01400000000000001 -0.014632078892031037
3
24
0.029 1.4176366503926768e-19 -0.04887932634430177
0.025114736709748713 -0.014500000000000013 -0.04887932634430177
0.014500000000000004 -0.02511473670974872 -0.04887932634430177
-4.879447853788909e-18 -0.029 -0.04887932634430177
-0.014500000000000013 -0.025114736709748717 -0.04887932634430177
-0.025114736709748727 -0.014499999999999992 -0.04887932634430177
-0.029 3.6932393825665916e-18 -0.04887932634430177
-0.025114736709748724 0.014499999999999999 -0.04887932634430177
-0.014499999999999994 0.025114736709748724 -0.04887932634430177
2.223503581265739e-18 0.029 -0.04887932634430177
0.014500000000000004 0.02511473670974872 -0.04887932634430177
0.025114736709748724 0.014499999999999999 -0.04887932634430177
0.029 1.4176366503926768e-19 0.029120673655698235
0.025114736709748724 0.014499999999999999 0.029120673655698235
0.014500000000000004 0.02511473670974872 0.029120673655698235
2.223503581265739e-18 0.029 0.029120673655698235
-0.014499999999999994 0.025114736709748724 0.029120673655698235
-0.025114736709748724 0.014499999999999999 0.029120673655698235
-0.029 3.6932393825665916e-18 0.029120673655698235
-0.025114736709748727 -0.014499999999999992 0.029120673655698235
-0.014500000000000013 -0.025114736709748717 0.029120673655698235
-4.879447853788909e-18 -0.029 0.029120673655698235
0.014500000000000004 -0.02511473670974872 0.029120673655698235
0.025114736709748713 -0.014500000000000013 0.029120673655698235
24
0.029 1.4176366503926768e-19 0.029120673655698235
0.025114736709748713 -0.014500000000000013 0.029120673655698235
0.014500000000000004 -0.02511473670974872 0.029120673655698235
-4.879447853788909e-18 -0.029 0.029120673655698235
-0.014500000000000013 -0.025114736709748717 0.029120673655698235
-0.025114736709748727 -0.014499999999999992 0.029120673655698235
-0.029 3.6932393825665916e-18 0.029120673655698235
-0.025114736709748724 0.014499999999999999 0.029120673655698235
-0.014499999999999994 0.025114736709748724 0.029120673655698235
2.223503581265739e-18 0.029 0.029120673655698235
0.014500000000000004 0.02511473670974872 0.029120673655698235
0.025114736709748724 0.014499999999999999 0.029120673655698235
0.014 1.4176366503926768e-19 0.047120673655698234
0.012124355652982142 0.006999999999999999 0.047120673655698234
0.007000000000000003 0.01212435565298214 0.047120673655698234
1.3050184819052243e-18 0.014 0.047120673655698234
-0.006999999999999996 0.012124355652982142 0.047120673655698234
-0.012124355652982142 0.006999999999999999 0.047120673655698234
-0.014 1.8562691838455624e-18 0.047120673655698234
-0.012124355652982144 -0.006999999999999997 0.047120673655698234
-0.007000000000000005 -0.012124355652982139 0.047120673655698234
-2.1239925557073644e-18 -0.014 0.047120673655698234
0.007000000000000003 -0.01212435565298214 0.047120673655698234
0.012124355652982137 -0.007000000000000006 0.047120673655698234
24
0.014 1.4176366503926768e-19 0.07512067365569823
0.012124355652982142 0.006999999999999999 0.07512067365569823
0.007000000000000003 0.01212435565298214 0.07512067365569823
1.3050184819052243e-18 0.014 0.07512067365569823
-0.006999999999999996 0.012124355652982142 0.07512067365569823
-0.012124355652982142 0.006999999999999999 0.07512067365569823
-0.014 1.8562691838455624e-18 0.07512067365569823
-0.012124355652982144 -0.006999999999999997 0.07512067365569823
-0.007000000000000005 -0.012124355652982139 0.07512067365569823
-2.1239925557073644e-18 -0.014 0.07512067365569823
0.007000000000000003 -0.01212435565298214 0.07512067365569823
0.012124355652982137 -0.007000000000000006 0.07512067365569823
0.014 1.4176366503926768e-19 0.047120673655698234
0.012124355652982137 -0.007000000000000006 0.047120673655698234
0.007000000000000003 -0.01212435565298214 0.047120673655698234
-2.1239925557073644e-18 -0.014 0.047120673655698234
-0.007000000000000005 -0.012124355652982139 0.047120673655698234
-0.012124355652982144 -0.006999999999999997 0.047120673655698234
-0.014 1.8562691838455624e-18 0.047120673655698234
-0.012124355652982142 0.006999999999999999 0.047120673655698234
-0.006999999999999996 0.012124355652982142 0.047120673655698234
1.3050184819052243e-18 0.014 0.047120673655698234
0.007000000000000003 0.01212435565298214 0.047120673655698234
0.012124355652982142 0.006999999999999999 0.047120673655698234
1
24
0.063 2.4453479097897508e-18 0.0025
0.05455960043841964 0.03149999999999999 0.0025
0.03150000000000001 0.054559600438419634 0.0025
2.162566707118994e-18 0.063 0.0025
-0.031499999999999986 0.05455960043841964 0.0025
-0.05455960043841964 0.03149999999999999 0.0025
-0.063 1.0160622744418076e-17 0.0025
-0.05455960043841965 -0.03149999999999998 0.0025
-0.03150000000000003 -0.05455960043841963 0.0025
-1.3267982962137654e-17 -0.063 0.0025
0.03150000000000001 -0.054559600438419634 0.0025
0.05455960043841962 -0.03150000000000003 0.0025
0.03150000000000001 0.054559600438419634 -0.0025
2.162566707118994e-18 0.063 -0.0025
-0.031499999999999986 0.05455960043841964 -0.0025
0.063 2.4453479097897508e-18 -0.0025
0.05455960043841962 -0.03150000000000003 -0.0025
0.03150000000000001 -0.054559600438419634 -0.0025
-1.3267982962137654e-17 -0.063 -0.0025
-0.03150000000000003 -0.05455960043841963 -0.0025
-0.05455960043841965 -0.03149999999999998 -0.0025
-0.063 1.0160622744418076e-17 -0.0025
-0.05455960043841964 0.03149999999999999 -0.0025
0.05455960043841964 0.03149999999999999 -0.0025
1
16
0.011 -4.3944779894987816e-20 -0.055
0.00777817459305202 -0.007778174593052024 -0.055
-1.8229157090656873e-18 -0.011 -0.055
-0.007778174593052024 -0.007778174593052021 -0.055
-0.011 1.3031666991671006e-18 -0.055
-0.007778174593052021 0.007778174593052023 -0.055
8.713072490584894e-19 0.011 -0.055
0.007778174593052023 0.007778174593052021 -0.055
0.011 -4.3944779894987816e-20 0.055
0.007778174593052023 0.007778174593052021 0.055
8.713072490584894e-19 0.011 0.055
-0.007778174593052021 0.007778174593052023 0.055
-0.011 1.3031666991671006e-18 0.055
-0.007778174593052024 -0.007778174593052021 0.055
-1.8229157090656873e-18 -0.011 0.055
0.00777817459305202 -0.007778174593052024 0.055
1
16
0.0013467266619054076 -0.015206838009739359 0.0144375
-0.009646629074870667 -0.018615339366896785 0.0013125000000000003
0.008468491155602895 -0.01808319171099111 -0.006562500000000001
-0.015008944300414063 -0.00872116818105892 -0.0118125
-0.0009256208191025291 -0.007262453479122602 -0.0196875
0.007321186283175394 -0.00001535722046773829 0.0196875
-0.009013510667009868 0.008254119932435668 0.0170625
0.010577663118488151 0.01376372865204127 0.0118125
0.019700678232181898 0.0071743703169624366 -0.0013124999999999999
0.005665048336085057 0.018002683597966855 -0.009187500000000001
0.016844956482203927 -0.010722154915017688 0.006562500000000001
-0.018581426841872313 -0.003304537168626193 0.009187500000000001
-0.019053494775432896 0.00785521921422866 -0.0039375
-0.005341506951501951 0.019904985193365306 0.0039375
-0.007027345317640985 0.009999514397707611 -0.0170625
0.014907676017716538 -0.0032898010133045677 -0.0144375
4
0.2770834204779234 0 0.42837315696425693 0.025 0.5791668409558468 0.8567463139285139
-0.2770834204779234 0 0.42837315696425693 0.025 0.5791668409558468 0.8567463139285139
0 0.2770834204779234 0.42837315696425693 0.5791668409558468 0.025 0.8567463139285139
0 -0.2770834204779234 0.42837315696425693 0.5791668409558468 0.025 0.8567463139285139
0
64
0 0 -0.15 -0.15 1.0167463139285138 -0.31391618008487304 -0.4466703792423926 -0.6959576511561114 -0.4664602362320362 0 0 0 0 0 0
1 0 0 -0.15 1.0167463139285138 0.8924010635434511 0.24552767703993394 -0.1961812066018993 0.3238046259245136 0 0 0 0 0 0
2 0 0.15 -0.15 1.0167463139285138 0.831840945040166 0.5430026773853768 0.10913062262665407 -0.0357664886746618 0 0 0 0 0 0
3 0 -0.15 0 1.0167463139285138 -0.7168813433949678 -0.5589934902730715 -0.0406880446263286 -0.41467083373326574 0 0 0 0 0 0
4 0 0 0 1.0167463139285138 -0.9991467617244577 -0.018560243735408 -0.012420228204841273 -0.0347419604995422 0 0 0 0 0 0
5 0 0.15 0 1.0167463139285138 -0.6994432961996064 -0.48397809416839394 -0.312316057239199 0.4230874143213434 0 0 0 0 0 0
0 0 -0.15 0.15 1.0167463139285138 0.38164299223086895 0.15418647481964062 0.8916018017155379 0.18873628331978964 0 0 0 0 0 0
1 0 0 0.15 1.0167463139285138 -0.7998774714829682 -0.4898818576772873 -0.11519447294196214 0.32701992223148585 0 0 0 0 0 0
2 0 0.15 0.15 1.0167463139285138 0.03108414374263924 0.4988916651157341 0.8133831853166663 -0.2975712962131107 0 0 0 0 0 0
3 0.4 -0.15 -0.15 1.0167463139285138 0.9710637395376851 -0.053314193222890216 0.1380113637374678 -0.18747179530639693 0 0 0 0 0 0
4 0.4 0 -0.15 1.0167463139285138 0.9951810086870259 0.06615155470483282 -0.031903418416238456 0.06496848199062114 0 0 0 0 0 0
5 0.4 0.15 -0.15 1.0167463139285138 -0.20952955434528447 -0.33412591284266824 -0.6126472876856651 0.6849237483941684 0 0 0 0 0 0
0 0.4 -0.15 0 1.0167463139285138 -0.6104526590613376 0.46228104776485407 0.2036974131550536 0.6100419229826017 0 0 0 0 0 0
1 0.4 0 0 1.0167463139285138 0.8463267030833191 -0.08948287475005205 -0.4108790730407996 -0.3269591933433272 0 0 0 0 0 0
2 0.4 0.15 0 1.0167463139285138 -0.36580213712765625 -0.48705046560755655 -0.616906748005772 -0.4983941258574832 0 0 0 0 0 0
3 0.4 -0.15 0.15 1.0167463139285138 0.410368393973652 -0.18579143199281672 0.872792569510746 0.18791608667800083 0 0 0 0 0 0
4 0.4 0 0.15 1.0167463139285138 0.9796240724131027 -0.08315924868277216 0.017116855650062938 0.18201161874984761 0 0 0 0 0 0
5 0.4 0.15 0.15 1.0167463139285138 -0.5062478526607195 0.1758279480085897 0.8439263046377226 0.02420819522428371 0 0 0 0 0 0
0 0.8 -0.15 -0.15 1.0167463139285138 -0.9057586859264075 0.2059346524836821 -0.3053024006952629 0.20972020862330273 0 0 0 0 0 0
1 0.8 0 -0.15 1.0167463139285138 0.8440965137519554 -0.3838716185339261 0.37366642653551757 -0.022738901383216596 0 0 0 0 0 0
2 0.8 0.15 -0.15 1.0167463139285138 0.4416601758042728 -0.029800775798168012 -0.6210102823620235 0.646834161181215 0 0 0 0 0 0
3 0.8 -0.15 0 1.0167463139285138 -0.8632919408544538 -0.3193483824067423 -0.28726688334412487 0.26499315697523274 0 0 0 0 0 0
4 0.8 0 0 1.0167463139285138 0.9674746320921221 -0.023898051354492925 0.09176774345665775 -0.23452164220076557 0 0 0 0 0 0
5 0.8 0.15 0 1.0167463139285138 -0.7294483680932199 -0.25469507926068474 -0.6199291630211199 -0.13683321132848433 0 0 0 0 0 0
0 0.8 -0.15 0.15 1.0167463139285138 -0.433560301766506 0.09871600919992002 0.7632805875579198 -0.4687039139126259 0 0 0 0 0 0
1 0.8 0 0.15 1.0167463139285138 0.30077555577782783 -0.21412802377275011 -0.6454920138885897 0.6685980216002498 0 0 0 0 0 0
2 0.8 0.15 0.15 1.0167463139285138 -0.102838598885645 0.7791127440287738 -0.35575193796243854 0.5058143071396473 0 0 0 0 0 0
3 1.2000000000000002 -0.15 -0.15 1.0167463139285138 -0.7028477736527747 -0.23684200996799457 -0.3657790110326813 0.5622424605751614 0 0 0 0 0 0
4 1.2000000000000002 0 -0.15 1.0167463139285138 -0.1635791262386488 0.3920543054389895 0.7536523359653896 0.5015410726347974 0 0 0 0 0 0
5 1.2000000000000002 0.15 -0.15 1.0167463139285138 0.21099686678995178 0.37666968005643087 0.863428636434184 0.26094302848785844 0 0 0 0 0 0
0 1.2000000000000002 -0.15 0 1.0167463139285138 0.32087006243264704 -0.5354402120198015 -0.6834678638999676 -0.3784413579442326 0 0 0 0 0 0
1 1.2000000000000002 0 0 1.0167463139285138 0.2765004392965964 -0.4783277086908418 0.8299051873552524 -0.0775080006722004 0 0 0 0 0 0
2 1.2000000000000002 0.15 0 1.0167463139285138 -0.9883006295336254 -0.06445167248986766 0.10878386272366371 0.08528727213141259 0 0 0 0 0 0
3 1.2000000000000002 -0.15 0.15 1.0167463139285138 0.6164039171151013 0.39711628370147417 0.3056645392217508 -0.6073829579817369 0 0 0 0 0 0
4 1.2000000000000002 0 0.15 1.0167463139285138 0.5296437502411946 -0.5110036832089508 0.4351370987333129 -0.5186602345305495 0 0 0 0 0 0
5 1.2000000000000002 0.15 0.15 1.0167463139285138 0.8738858386045726 0.4062706188247159 -0.2523216956918275 0.08718650841366551 0 0 0 0 0 0
0 1.6 -0.15 -0.15 1.0167463139285138 -0.9999730895945351 -0.0018681460878415446 0.0057187165292646456 0.0041983804272898075 0 0 0 0 0 0
1 1.6 0 -0.15 1.0167463139285138 -0.9741652767640187 0.2256387815553587 0.007719055626282945 0.005437829138040694 0 0 0 0 0 0
2 1.6 0.15 -0.15 1.0167463139285138 -0.7841347963116309 0.2741723453809097 0.43310799566203506 0.3498279724882833 0 0 0 0 0 0
3 1.6 -0.15 0 1.0167463139285138 -0.9503423453526216 0.11160994354394423 -0.20552457177313072 -0.20531024701477366 0 0 0 0 0 0
4 1.6 0 0 1.0167463139285138 0.46752464485478984 -0.7804859979091541 -0.2679643380588104 -0.3169501964818104 0 0 0 0 0 0
5 1.6 0.15 0 1.0167463139285138 0.011236329056854974 -0.04963238920969624 -0.9156200911877121 0.3988110072002392 0 0 0 0 0 0
0 1.6 -0.15 0.15 1.0167463139285138 -0.9804704084289055 -0.03165973757771121 -0.15518024786658313 0.11659558260856777 0 0 0 0 0 0
1 1.6 0 0.15 1.0167463139285138 0.09108336260355457 -0.47742901136190735 -0.7224714359258145 0.49173202502797475 0 0 0 0 0 0
2 1.6 0.15 0.15 1.0167463139285138 -0.39728254410139174 0.13775073967057974 -0.7024459885279736 0.5742481580932516 0 0 0 0 0 0
3 2 -0.15 -0.15 1.0167463139285138 -0.8511332701207728 0.11341338829929361 -0.39100722936767907 0.33139539289224385 0 0 0 0 0 0
4 2 0 -0.15 1.0167463139285138 -0.21129519717528447 -0.21147802401116522 -0.9317779119625528 -0.20596433620822832 0 0 0 0 0 0
5 2 0.15 -0.15 1.0167463139285138 0.19406157485490028 0.487280990337972 -0.44853896470724963 -0.7236782011083586 0 0 0 0 0 0
0 2 -0.15 0 1.0167463139285138 0.8905761255305691 -0.27811745965194384 -0.04642324654866853 0.35688895395009224 0 0 0 0 0 0
1 2 0 0 1.0167463139285138 0.16429457037748116 0.8366139346597974 -0.15562345742047878 0.4988644685463456 0 0 0 0 0 0
2 2 0.15 0 1.0167463139285138 -0.7356654158199101 0.4475938289059946 0.4905470184895839 -0.1334907597654987 0 0 0 0 0 0
3 2 -0.15 0.15 1.0167463139285138 -0.8436097207244512 0.23536001392078615 -0.36031834749469305 -0.3210903165857147 0 0 0 0 0 0
4 2 0 0.15 1.0167463139285138 -0.9598794487079532 0.24936859042454002 0.047380044075805865 0.11917164713625754 0 0 0 0 0 0
5 2 0.15 0.15 1.0167463139285138 0.9046242860650053 -0.4217024729166719 -0.010129421049599154 -0.06098622981085889 0 0 0 0 0 0
0 2.4000000000000004 -0.15 -0.15 1.0167463139285138 0.10703704854477222 -0.4731355702018351 -0.8714763040021849 0.07221394609976585 0 0 0 0 0 0
1 2.4000000000000004 0 -0.15 1.0167463139285138 0.013627526127185055 -0.5619270831787662 0.0674304722340928 -0.8243211601894885 0 0 0 0 0 0
2 2.4000000000000004 0.15 -0.15 1.0167463139285138 -0.42148272197511727 -0.14091651599842497 -0.4805920779737021 -0.7559934557813517 0 0 0 0 0 0
3 2.4000000000000004 -0.15 0 1.0167463139285138 0.9439022952582807 -0.32501991995390445 0.003025485906504043 0.05832113745749874 0 0 0 0 0 0
4 2.4000000000000004 0 0 1.0167463139285138 0.9994267690476627 -0.017704917977698447 -0.026486736564727106 0.011450850470756821 0 0 0 0 0 0
5 2.4000000000000004 0.15 0 1.0167463139285138 -0.9588168154656947 0.263322434152217 -0.047330875244467815 0.09534882432923726 0 0 0 0 0 0
0 2.4000000000000004 -0.15 0.15 1.0167463139285138 -0.9424289148503198 0.15265906022720335 -0.12601567949045042 0.26952365444828025 0 0 0 0 0 0
1 2.4000000000000004 0 0.15 1.0167463139285138 0.4022230583999478 0.6507513830521808 0.1644903130795681 -0.6226412977389563 0 0 0 0 0 0
2 2.4000000000000004 0.15 0.15 1.0167463139285138 0.1027266024360229 0.9158175508971604 0.22495437713237856 0.3164190051650849 0 0 0 0 0 0
3 2.8000000000000003 -0.15 -0.15 1.0167463139285138 0.23207560533812044 -0.3367863559044658 0.6005961669550193 0.6870226401818751 0 0 0 0 0 0
