PACK1
1000 .5 0 0 -9.81 10.8 60 10 6
13
24
0.038 -5.335292611071861e-18 -0.03539395672481174
0.03290896534380866 -0.019000000000000024 -0.03539395672481174
0.019000000000000003 -0.032908965343808674 -0.03539395672481174
-6.980486755139913e-18 -0.038000000000000006 -0.03539395672481174
-0.019000000000000017 -0.03290896534380867 -0.03539395672481174
-0.032908965343808674 -0.018999999999999996 -0.03539395672481174
-0.038 -6.816347743119188e-19 -0.03539395672481174
-0.03290896534380867 0.01899999999999999 -0.03539395672481174
-0.018999999999999993 0.03290896534380866 -0.03539395672481174
2.326828918379971e-18 0.03799999999999999 -0.03539395672481174
0.019000000000000003 0.03290896534380866 -0.03539395672481174
0.03290896534380867 0.01899999999999999 -0.03539395672481174
0.038 -5.335292611071861e-18 -0.029393956724811737
0.03290896534380867 0.01899999999999999 -0.029393956724811737
0.019000000000000003 0.03290896534380866 -0.029393956724811737
2.326828918379971e-18 0.03799999999999999 -0.029393956724811737
-0.018999999999999993 0.03290896534380866 -0.029393956724811737
-0.03290896534380867 0.01899999999999999 -0.029393956724811737
-0.038 -6.816347743119188e-19 -0.029393956724811737
-0.032908965343808674 -0.018999999999999996 -0.029393956724811737
-0.019000000000000017 -0.03290896534380867 -0.029393956724811737
-6.980486755139913e-18 -0.038000000000000006 -0.029393956724811737
0.019000000000000003 -0.032908965343808674 -0.029393956724811737
0.03290896534380866 -0.019000000000000024 -0.029393956724811737
8
0.038 -5.335292611071861e-18 -0.029393956724811744
0.03290896534380867 0.01899999999999999 -0.029393956724811744
0.03723909236273086 0.021499999999999988 0.04460604327518826
0.043 -5.335292611071861e-18 0.04460604327518826
0.027712812921102038 0.01599999999999999 -0.029393956724811744
0.03204293994002423 0.01849999999999999 0.04460604327518826
0.032 -5.335292611071861e-18 -0.029393956724811744
0.037 -5.335292611071861e-18 0.04460604327518826
8
0.016000000000000004 0.027712812921102028 -0.029393956724811744
0.018500000000000003 0.03204293994002422 0.04460604327518826
0.021500000000000002 0.03723909236273085 0.04460604327518826
0.019000000000000003 0.03290896534380866 -0.029393956724811744
0.03290896534380867 0.01899999999999999 -0.029393956724811744
0.03723909236273086 0.021499999999999988 0.04460604327518826
0.027712812921102038 0.01599999999999999 -0.029393956724811744
0.03204293994002423 0.01849999999999999 0.04460604327518826
8
0.019000000000000003 0.03290896534380866 -0.029393956724811744
2.326828918379971e-18 0.03799999999999999 -0.029393956724811744
2.6329906181668093e-18 0.04299999999999999 0.04460604327518826
0.021500000000000002 0.03723909236273085 0.04460604327518826
1.959434878635765e-18 0.031999999999999994 -0.029393956724811744
2.2655965784226034e-18 0.03699999999999999 0.04460604327518826
0.016000000000000004 0.027712812921102028 -0.029393956724811744
0.018500000000000003 0.03204293994002422 0.04460604327518826
8
2.326828918379971e-18 0.03799999999999999 -0.029393956724811744
-0.018999999999999993 0.03290896534380866 -0.029393956724811744
-0.021499999999999988 0.037239092362730854 0.04460604327518826
2.6329906181668093e-18 0.04299999999999999 0.04460604327518826
1.959434878635765e-18 0.031999999999999994 -0.029393956724811744
2.2655965784226034e-18 0.03699999999999999 0.04460604327518826
-0.015999999999999993 0.02771281292110203 -0.029393956724811744
-0.018499999999999992 0.032042939940024225 0.04460604327518826
8
-0.018999999999999993 0.03290896534380866 -0.029393956724811744
-0.03290896534380867 0.01899999999999999 -0.029393956724811744
-0.03723909236273086 0.021499999999999988 0.04460604327518826
-0.021499999999999988 0.037239092362730854 0.04460604327518826
-0.015999999999999993 0.02771281292110203 -0.029393956724811744
-0.018499999999999992 0.032042939940024225 0.04460604327518826
-0.027712812921102038 0.01599999999999999 -0.029393956724811744
-0.03204293994002423 0.01849999999999999 0.04460604327518826
8
-0.03290896534380867 0.01899999999999999 -0.029393956724811744
-0.038 -6.816347743119188e-19 -0.029393956724811744
-0.043 -6.931137473824197e-20 0.04460604327518826
-0.03723909236273086 0.021499999999999988 0.04460604327518826
-0.027712812921102038 0.01599999999999999 -0.029393956724811744
-0.032 -1.4164228538003306e-18 -0.029393956724811744
-0.03204293994002423 0.01849999999999999 0.04460604327518826
-0.037 -8.040994542266538e-19 0.04460604327518826
8
-0.037 -8.040994542266538e-19 0.04460604327518826
-0.043 -6.931137473824197e-20 0.04460604327518826
-0.03723909236273087 -0.021499999999999995 0.04460604327518826
-0.03204293994002423 -0.018499999999999996 0.04460604327518826
-0.02771281292110204 -0.015999999999999997 -0.029393956724811744
-0.032908965343808674 -0.018999999999999996 -0.029393956724811744
-0.038 -6.816347743119188e-19 -0.029393956724811744
-0.032 -1.4164228538003306e-18 -0.029393956724811744
8
-0.03204293994002423 -0.018499999999999996 0.04460604327518826
-0.03723909236273087 -0.021499999999999995 0.04460604327518826
-0.02150000000000002 -0.03723909236273086 0.04460604327518826
-0.018500000000000016 -0.03204293994002423 0.04460604327518826
-0.02771281292110204 -0.015999999999999997 -0.029393956724811744
-0.032908965343808674 -0.018999999999999996 -0.029393956724811744
-0.016000000000000014 -0.027712812921102038 -0.029393956724811744
-0.019000000000000017 -0.03290896534380867 -0.029393956724811744
8
-0.018500000000000016 -0.03204293994002423 0.04460604327518826
-0.02150000000000002 -0.03723909236273086 0.04460604327518826
-7.898971854500428e-18 -0.043000000000000003 0.04460604327518826
-6.79678973526781e-18 -0.037000000000000005 0.04460604327518826
-5.8783046359072955e-18 -0.03200000000000001 -0.029393956724811744
-6.980486755139913e-18 -0.038000000000000006 -0.029393956724811744
-0.019000000000000017 -0.03290896534380867 -0.029393956724811744
-0.016000000000000014 -0.027712812921102038 -0.029393956724811744
8
-6.980486755139913e-18 -0.038000000000000006 -0.029393956724811744
0.019000000000000003 -0.032908965343808674 -0.029393956724811744
0.021500000000000002 -0.03723909236273086 0.04460604327518826
-7.898971854500428e-18 -0.043000000000000003 0.04460604327518826
-5.8783046359072955e-18 -0.03200000000000001 -0.029393956724811744
-6.79678973526781e-18 -0.037000000000000005 0.04460604327518826
0.016000000000000004 -0.02771281292110204 -0.029393956724811744
0.018500000000000003 -0.03204293994002423 0.04460604327518826
8
0.016000000000000004 -0.02771281292110204 -0.029393956724811744
0.019000000000000003 -0.032908965343808674 -0.029393956724811744
0.021500000000000002 -0.03723909236273086 0.04460604327518826
0.018500000000000003 -0.03204293994002423 0.04460604327518826
0.03290896534380866 -0.019000000000000024 -0.029393956724811744
0.03723909236273085 -0.021500000000000026 0.04460604327518826
0.027712812921102028 -0.01600000000000002 -0.029393956724811744
0.03204293994002422 -0.018500000000000023 0.04460604327518826
8
0.027712812921102028 -0.01600000000000002 -0.029393956724811744
0.03290896534380866 -0.019000000000000024 -0.029393956724811744
0.03723909236273085 -0.021500000000000026 0.04460604327518826
0.03204293994002422 -0.018500000000000023 0.04460604327518826
0.038 -1.4642608284591745e-17 -0.029393956724811744
0.043 -1.58672550837391e-17 0.04460604327518826
0.032 -1.3173032125614922e-17 -0.029393956724811744
0.037 -1.4397678924762275e-17 0.04460604327518826
13
24
0.034 3.7007181036038086e-18 -0.020632078892031037
0.029444863728670907 -0.01700000000000001 -0.020632078892031037
0.017000000000000005 -0.02944486372867091 -0.020632078892031037
-5.320878066451926e-18 -0.033999999999999996 -0.020632078892031037
-0.017000000000000015 -0.029444863728670907 -0.020632078892031037
-0.02944486372867092 -0.016999999999999987 -0.020632078892031037
-0.034 7.86451722070481e-18 -0.020632078892031037
-0.029444863728670917 0.017 -0.020632078892031037
-0.016999999999999994 0.02944486372867092 -0.020632078892031037
3.0067201677500757e-18 0.03400000000000001 -0.020632078892031037
0.017000000000000005 0.029444863728670917 -0.020632078892031037
0.029444863728670917 0.017 -0.020632078892031037
0.034 3.7007181036038086e-18 -0.014632078892031037
0.029444863728670917 0.017 -0.014632078892031037
0.017000000000000005 0.029444863728670917 -0.014632078892031037
3.0067201677500757e-18 0.03400000000000001 -0.014632078892031037
-0.016999999999999994 0.02944486372867092 -0.014632078892031037
-0.029444863728670917 0.017 -0.014632078892031037
-0.034 7.86451722070481e-18 -0.014632078892031037
-0.02944486372867092 -0.016999999999999987 -0.014632078892031037
-0.017000000000000015 -0.029444863728670907 -0.014632078892031037
-5.320878066451926e-18 -0.033999999999999996 -0.014632078892031037
0.017000000000000005 -0.02944486372867091 -0.014632078892031037
0.029444863728670907 -0.01700000000000001 -0.014632078892031037
8
0.059000000000000004 3.7007181036038086e-18 0.022367921107968966
0.065 3.7007181036038086e-18 0.022367921107968966
0.05629165124598852 0.0325 0.022367921107968966
0.05109549882328189 0.029500000000000002 0.022367921107968966
0.028000000000000004 3.7007181036038086e-18 -0.014632078892031037
0.034 3.7007181036038086e-18 -0.014632078892031037
0.024248711305964288 0.014000000000000004 -0.014632078892031037
0.029444863728670917 0.017 -0.014632078892031037
8
0.029444863728670917 0.017 -0.014632078892031037
0.017000000000000005 0.029444863728670917 -0.014632078892031037
0.03250000000000001 0.05629165124598852 0.022367921107968966
0.05629165124598852 0.0325 0.022367921107968966
0.014000000000000007 0.024248711305964288 -0.014632078892031037
0.02950000000000001 0.05109549882328189 0.022367921107968966
0.024248711305964288 0.014000000000000004 -0.014632078892031037
0.05109549882328189 0.029500000000000002 0.022367921107968966
8
0.017000000000000005 0.029444863728670917 -0.014632078892031037
3.0067201677500757e-18 0.03400000000000001 -0.014632078892031037
4.9049227064284736e-18 0.065 0.022367921107968966
0.03250000000000001 0.05629165124598852 0.022367921107968966
2.63932612800587e-18 0.028000000000000008 -0.014632078892031037
4.537528666684268e-18 0.05900000000000001 0.022367921107968966
0.014000000000000007 0.024248711305964288 -0.014632078892031037
0.02950000000000001 0.05109549882328189 0.022367921107968966
8
3.0067201677500757e-18 0.03400000000000001 -0.014632078892031037
-0.016999999999999994 0.02944486372867092 -0.014632078892031037
-0.03249999999999999 0.056291651245988526 0.022367921107968966
4.9049227064284736e-18 0.065 0.022367921107968966
2.63932612800587e-18 0.028000000000000008 -0.014632078892031037
4.537528666684268e-18 0.05900000000000001 0.022367921107968966
-0.013999999999999993 0.02424871130596429 -0.014632078892031037
-0.029499999999999988 0.0510954988232819 0.022367921107968966
8
-0.029499999999999988 0.0510954988232819 0.022367921107968966
-0.03249999999999999 0.056291651245988526 0.022367921107968966
-0.05629165124598852 0.0325 0.022367921107968966
-0.05109549882328189 0.029500000000000002 0.022367921107968966
-0.013999999999999993 0.02424871130596429 -0.014632078892031037
-0.016999999999999994 0.02944486372867092 -0.014632078892031037
-0.029444863728670917 0.017 -0.014632078892031037
-0.024248711305964288 0.014000000000000004 -0.014632078892031037
8
-0.029444863728670917 0.017 -0.014632078892031037
-0.034 7.86451722070481e-18 -0.014632078892031037
-0.065 1.1660922298061606e-17 0.022367921107968966
-0.05629165124598852 0.0325 0.022367921107968966
-0.024248711305964288 0.014000000000000004 -0.014632078892031037
-0.05109549882328189 0.029500000000000002 0.022367921107968966
-0.028000000000000004 7.129729141216398e-18 -0.014632078892031037
-0.059000000000000004 1.0926134218573193e-17 0.022367921107968966
8
-0.059000000000000004 1.0926134218573193e-17 0.022367921107968966
-0.065 1.1660922298061606e-17 0.022367921107968966
-0.056291651245988526 -0.03249999999999997 0.022367921107968966
-0.05109549882328189 -0.02949999999999998 0.022367921107968966
-0.02424871130596429 -0.013999999999999992 -0.014632078892031037
-0.02944486372867092 -0.016999999999999987 -0.014632078892031037
-0.034 7.86451722070481e-18 -0.014632078892031037
-0.028000000000000004 7.129729141216398e-18 -0.014632078892031037
8
-0.05109549882328189 -0.02949999999999998 0.022367921107968966
-0.056291651245988526 -0.03249999999999997 0.022367921107968966
-0.03250000000000003 -0.0562916512459885 0.022367921107968966
-0.02950000000000003 -0.05109549882328187 0.022367921107968966
-0.02424871130596429 -0.013999999999999992 -0.014632078892031037
-0.02944486372867092 -0.016999999999999987 -0.014632078892031037
-0.014000000000000012 -0.024248711305964277 -0.014632078892031037
-0.017000000000000015 -0.029444863728670907 -0.014632078892031037
8
-0.02950000000000003 -0.05109549882328187 0.022367921107968966
-0.03250000000000003 -0.0562916512459885 0.022367921107968966
-1.1015485682487118e-17 -0.065 0.022367921107968966
-9.9133035632545e-18 -0.059 0.022367921107968966
-4.2186959472193084e-18 -0.028 -0.014632078892031037
-5.320878066451926e-18 -0.033999999999999996 -0.014632078892031037
-0.017000000000000015 -0.029444863728670907 -0.014632078892031037
-0.014000000000000012 -0.024248711305964277 -0.014632078892031037
8
-5.320878066451926e-18 -0.033999999999999996 -0.014632078892031037
0.017000000000000005 -0.02944486372867091 -0.014632078892031037
0.03250000000000001 -0.056291651245988505 0.022367921107968966
-1.1015485682487118e-17 -0.065 0.022367921107968966
-4.2186959472193084e-18 -0.028 -0.014632078892031037
-9.9133035632545e-18 -0.059 0.022367921107968966
0.014000000000000007 -0.02424871130596428 -0.014632078892031037
0.02950000000000001 -0.051095498823281876 0.022367921107968966
8
0.017000000000000005 -0.02944486372867091 -0.014632078892031037
0.029444863728670907 -0.01700000000000001 -0.014632078892031037
0.0562916512459885 -0.03250000000000002 0.022367921107968966
0.03250000000000001 -0.056291651245988505 0.022367921107968966
0.014000000000000007 -0.02424871130596428 -0.014632078892031037
0.024248711305964277 -0.01400000000000001 -0.014632078892031037
0.02950000000000001 -0.051095498823281876 0.022367921107968966
0.05109549882328187 -0.029500000000000026 0.022367921107968966
8
0.05109549882328187 -0.029500000000000026 0.022367921107968966
0.0562916512459885 -0.03250000000000002 0.022367921107968966
0.065 -1.2219690285311784e-17 0.022367921107968966
0.059000000000000004 -1.075011412633496e-17 0.022367921107968966
0.029444863728670907 -0.01700000000000001 -0.014632078892031037
0.034 -4.626880130598193e-18 -0.014632078892031037
0.028000000000000004 -3.1573039716213704e-18 -0.014632078892031037
0.024248711305964277 -0.01400000000000001 -0.014632078892031037
3
24
0.029 1.4176366503926768e-19 -0.04887932634430177
0.025114736709748713 -0.014500000000000013 -0.04887932634430177
0.014500000000000004 -0.02511473670974872 -0.04887932634430177
-4.879447853788909e-18 -0.029 -0.04887932634430177
-0.014500000000000013 -0.025114736709748717 -0.04887932634430177
-0.025114736709748727 -0.014499999999999992 -0.04887932634430177
-0.029 3.6932393825665916e-18 -0.04887932634430177
-0.025114736709748724 0.014499999999999999 -0.04887932634430177
-0.014499999999999994 0.025114736709748724 -0.04887932634430177
2.223503581265739e-18 0.029 -0.04887932634430177
0.014500000000000004 0.02511473670974872 -0.04887932634430177
0.025114736709748724 0.014499999999999999 -0.04887932634430177
0.029 1.4176366503926768e-19 0.029120673655698235
0.025114736709748724 0.014499999999999999 0.029120673655698235
0.014500000000000004 0.02511473670974872 0.029120673655698235
2.223503581265739e-18 0.029 0.029120673655698235
-0.014499999999999994 0.025114736709748724 0.029120673655698235
-0.025114736709748724 0.014499999999999999 0.029120673655698235
-0.029 3.6932393825665916e-18 0.029120673655698235
-0.025114736709748727 -0.014499999999999992 0.029120673655698235
-0.014500000000000013 -0.025114736709748717 0.029120673655698235
-4.879447853788909e-18 -0.029 0.029120673655698235
0.014500000000000004 -0.02511473670974872 0.029120673655698235
0.025114736709748713 -0.014500000000000013 0.029120673655698235
24
0.029 1.4176366503926768e-19 0.029120673655698235
0.025114736709748713 -0.014500000000000013 0.029120673655698235
0.014500000000000004 -0.02511473670974872 0.029120673655698235
-4.879447853788909e-18 -0.029 0.029120673655698235
-0.014500000000000013 -0.025114736709748717 0.029120673655698235
-0.025114736709748727 -0.014499999999999992 0.029120673655698235
-0.029 3.6932393825665916e-18 0.029120673655698235
-0.025114736709748724 0.014499999999999999 0.029120673655698235
-0.014499999999999994 0.025114736709748724 0.029120673655698235
2.223503581265739e-18 0.029 0.029120673655698235
0.014500000000000004 0.02511473670974872 0.029120673655698235
0.025114736709748724 0.014499999999999999 0.029120673655698235
0.014 1.4176366503926768e-19 0.047120673655698234
0.012124355652982142 0.006999999999999999 0.047120673655698234
0.007000000000000003 0.01212435565298214 0.047120673655698234
1.3050184819052243e-18 0.014 0.047120673655698234
-0.006999999999999996 0.012124355652982142 0.047120673655698234
-0.012124355652982142 0.006999999999999999 0.047120673655698234
-0.014 1.8562691838455624e-18 0.047120673655698234
-0.012124355652982144 -0.006999999999999997 0.047120673655698234
-0.007000000000000005 -0.012124355652982139 0.047120673655698234
-2.1239925557073644e-18 -0.014 0.047120673655698234
0.007000000000000003 -0.01212435565298214 0.047120673655698234
0.012124355652982137 -0.007000000000000006 0.047120673655698234
24
0.014 1.4176366503926768e-19 0.07512067365569823
0.012124355652982142 0.006999999999999999 0.07512067365569823
0.007000000000000003 0.01212435565298214 0.07512067365569823
1.3050184819052243e-18 0.014 0.07512067365569823
-0.006999999999999996 0.012124355652982142 0.07512067365569823
-0.012124355652982142 0.006999999999999999 0.07512067365569823
-0.014 1.8562691838455624e-18 0.07512067365569823
-0.012124355652982144 -0.006999999999999997 0.07512067365569823
-0.007000000000000005 -0.012124355652982139 0.07512067365569823
-2.1239925557073644e-18 -0.014 0.07512067365569823
0.007000000000000003 -0.01212435565298214 0.07512067365569823
0.012124355652982137 -0.007000000000000006 0.07512067365569823
0.014 1.4176366503926768e-19 0.047120673655698234
0.012124355652982137 -0.007000000000000006 0.047120673655698234
0.007000000000000003 -0.01212435565298214 0.047120673655698234
-2.1239925557073644e-18 -0.014 0.047120673655698234
-0.007000000000000005 -0.012124355652982139 0.047120673655698234
-0.012124355652982144 -0.006999999999999997 0.047120673655698234
-0.014 1.8562691838455624e-18 0.047120673655698234
-0.012124355652982142 0.006999999999999999 0.047120673655698234
-0.006999999999999996 0.012124355652982142 0.047120673655698234
1.3050184819052243e-18 0.014 0.047120673655698234
0.007000000000000003 0.01212435565298214 0.047120673655698234
0.012124355652982142 0.006999999999999999 0.047120673655698234
1
24
0.063 2.4453479097897508e-18 0.0025
0.05455960043841964 0.03149999999999999 0.0025
0.03150000000000001 0.054559600438419634 0.0025
2.162566707118994e-18 0.063 0.0025
-0.031499999999999986 0.05455960043841964 0.0025
-0.05455960043841964 0.03149999999999999 0.0025
-0.063 1.0160622744418076e-17 0.0025
-0.05455960043841965 -0.03149999999999998 0.0025
-0.03150000000000003 -0.05455960043841963 0.0025
-1.3267982962137654e-17 -0.063 0.0025
0.03150000000000001 -0.054559600438419634 0.0025
0.05455960043841962 -0.03150000000000003 0.0025
0.03150000000000001 0.054559600438419634 -0.0025
2.162566707118994e-18 0.063 -0.0025
-0.031499999999999986 0.05455960043841964 -0.0025
0.063 2.4453479097897508e-18 -0.0025
0.05455960043841962 -0.03150000000000003 -0.0025
0.03150000000000001 -0.054559600438419634 -0.0025
-1.3267982962137654e-17 -0.063 -0.0025
-0.03150000000000003 -0.05455960043841963 -0.0025
-0.05455960043841965 -0.03149999999999998 -0.0025
-0.063 1.0160622744418076e-17 -0.0025
-0.05455960043841964 0.03149999999999999 -0.0025
0.05455960043841964 0.03149999999999999 -0.0025
1
16
0.011 -4.3944779894987816e-20 -0.055
0.00777817459305202 -0.007778174593052024 -0.055
-1.8229157090656873e-18 -0.011 -0.055
-0.007778174593052024 -0.007778174593052021 -0.055
-0.011 1.3031666991671006e-18 -0.055
-0.007778174593052021 0.007778174593052023 -0.055
8.713072490584894e-19 0.011 -0.055
0.007778174593052023 0.007778174593052021 -0.055
0.011 -4.3944779894987816e-20 0.055
0.007778174593052023 0.007778174593052021 0.055
8.713072490584894e-19 0.011 0.055
-0.007778174593052021 0.007778174593052023 0.055
-0.011 1.3031666991671006e-18 0.055
-0.007778174593052024 -0.007778174593052021 0.055
-1.8229157090656873e-18 -0.011 0.055
0.00777817459305202 -0.007778174593052024 0.055
1
16
0.0013467266619054076 -0.015206838009739359 0.0144375
-0.009646629074870667 -0.018615339366896785 0.0013125000000000003
0.008468491155602895 -0.01808319171099111 -0.006562500000000001
-0.015008944300414063 -0.00872116818105892 -0.0118125
-0.0009256208191025291 -0.007262453479122602 -0.0196875
0.007321186283175394 -0.00001535722046773829 0.0196875
-0.009013510667009868 0.008254119932435668 0.0170625
0.010577663118488151 0.01376372865204127 0.0118125
0.019700678232181898 0.0071743703169624366 -0.0013124999999999999
0.005665048336085057 0.018002683597966855 -0.009187500000000001
0.016844956482203927 -0.010722154915017688 0.006562500000000001
-0.018581426841872313 -0.003304537168626193 0.009187500000000001
-0.019053494775432896 0.00785521921422866 -0.0039375
-0.005341506951501951 0.019904985193365306 0.0039375
-0.007027345317640985 0.009999514397707611 -0.0170625
0.014907676017716538 -0.0032898010133045677 -0.0144375
4
0.3458542209133219 0 0.5397163576691879 0.025 0.7167084418266438 1.0794327153383758
-0.3458542209133219 0 0.5397163576691879 0.025 0.7167084418266438 1.0794327153383758
0 0.3458542209133219 0.5397163576691879 0.7167084418266438 0.025 1.0794327153383758
0 -0.3458542209133219 0.5397163576691879 0.7167084418266438 0.025 1.0794327153383758
0
128
0 0 -0.22499999999999998 -0.22499999999999998 1.2394327153383757 -0.021452444313582557 -0.44355885401492606 -0.6418380840712195 0.6251713441079367 0 0 0 0 0 0
1 0 -0.075 -0.22499999999999998 1.2394327153383757 0.9689235236761371 0.07616649185024243 -0.19039817164219852 -0.13832717383635462 0 0 0 0 0 0
2 0 0.075 -0.22499999999999998 1.2394327153383757 -0.3675776752310831 -0.4475427292732286 0.5069513211183482 -0.63842972687896 0 0 0 0 0 0
3 0 0.22499999999999998 -0.22499999999999998 1.2394327153383757 -0.37894149914646597 0.24793494488332818 -0.4285349285003716 -0.7818499973687482 0 0 0 0 0 0
4 0 -0.22499999999999998 -0.075 1.2394327153383757 0.3950670401238562 -0.6132559346725532 0.6629486611013617 -0.16833973131908117 0 0 0 0 0 0
5 0 -0.075 -0.075 1.2394327153383757 0.9018577437542329 -0.13983093555107382 0.14069820292487542 -0.3838019478678376 0 0 0 0 0 0
0 0 0.075 -0.075 1.2394327153383757 0.31585841351858723 -0.6740195562025612 -0.10542189211404117 -0.6594067979093932 0 0 0 0 0 0
1 0 0.22499999999999998 -0.075 1.2394327153383757 -0.457568235988055 -0.3958863537110759 0.24067629529793608 0.7589336105627351 0 0 0 0 0 0
2 0 -0.22499999999999998 0.075 1.2394327153383757 0.9707772557537184 -0.1668267192939198 -0.04859495491264227 -0.1655261181745815 0 0 0 0 0 0
3 0 -0.075 0.075 1.2394327153383757 0.13001414814607026 0.1342350370258855 -0.9693746472536583 0.15934261632832797 0 0 0 0 0 0
4 0 0.075 0.075 1.2394327153383757 0.24529946667997413 0.7868405923970587 0.5146657098501525 0.23628216375174133 0 0 0 0 0 0
5 0 0.22499999999999998 0.075 1.2394327153383757 -0.1104194022991289 -0.5968219263927342 -0.5706484484098765 0.553146899205057 0 0 0 0 0 0
0 0 -0.22499999999999998 0.22499999999999998 1.2394327153383757 -0.23068312584775708 -0.12165042635084924 -0.8308416417615649 0.49161838404672376 0 0 0 0 0 0
1 0 -0.075 0.22499999999999998 1.2394327153383757 0.8817714710302302 -0.38116023919688 0.22925210725502754 0.15696947554123525 0 0 0 0 0 0
2 0 0.075 0.22499999999999998 1.2394327153383757 -0.9759043203090492 0.17608910693705707 0.08362750121840995 0.09802971518987165 0 0 0 0 0 0
3 0 0.22499999999999998 0.22499999999999998 1.2394327153383757 0.9922593899449969 -0.02710709077029736 0.0825766500933574 0.08869952398582961 0 0 0 0 0 0
4 0.4 -0.22499999999999998 -0.22499999999999998 1.2394327153383757 -0.43337148678431414 -0.379485116004364 0.6825634553774884 -0.449763638544348 0 0 0 0 0 0
5 0.4 -0.075 -0.22499999999999998 1.2394327153383757 0.6703003167884151 -0.04837143045801655 0.5213839428861149 0.5258483375739854 0 0 0 0 0 0
0 0.4 0.075 -0.22499999999999998 1.2394327153383757 0.834519530758524 0.1724941917740073 0.5223363284994803 -0.031427162081354834 0 0 0 0 0 0
1 0.4 0.22499999999999998 -0.22499999999999998 1.2394327153383757 -0.010987119525566063 0.47358108324683457 -0.5417177783412463 0.6943645220086566 0 0 0 0 0 0
2 0.4 -0.22499999999999998 -0.075 1.2394327153383757 -0.9358296012071539 0.12275516794960659 -0.3271650963548695 -0.04601223721176941 0 0 0 0 0 0
3 0.4 -0.075 -0.075 1.2394327153383757 0.36204192217045716 0.5962175129253152 0.4551103527190461 0.5534662507508636 0 0 0 0 0 0
4 0.4 0.075 -0.075 1.2394327153383757 0.7676736412383682 -0.5058380942653945 -0.32484252907332506 0.22199624826339986 0 0 0 0 0 0
5 0.4 0.22499999999999998 -0.075 1.2394327153383757 -0.7575724533298567 0.44999229968380744 0.324170265938721 0.34424489373450323 0 0 0 0 0 0
0 0.4 -0.22499999999999998 0.075 1.2394327153383757 -0.1748474434129499 0.2868346112863496 0.8518291998643264 0.4019219968584272 0 0 0 0 0 0
1 0.4 -0.075 0.075 1.2394327153383757 -0.834139935732385 0.25355273885917773 0.42413467393252835 0.2450129682313371 0 0 0 0 0 0
2 0.4 0.075 0.075 1.2394327153383757 0.716904645551274 0.35660804981239114 0.5567587640200352 -0.2211291628955534 0 0 0 0 0 0
3 0.4 0.22499999999999998 0.075 1.2394327153383757 -0.6613384970241358 0.6320943903551465 -0.007490239709591933 -0.4037721762881956 0 0 0 0 0 0
4 0.4 -0.22499999999999998 0.22499999999999998 1.2394327153383757 0.9815375384865209 0.18474596218006392 0.03218937824508532 0.03764085450914615 0 0 0 0 0 0
5 0.4 -0.075 0.22499999999999998 1.2394327153383757 0.056714487443418095 -0.5971492227614965 0.6466082943297667 -0.4712684865056447 0 0 0 0 0 0
0 0.4 0.075 0.22499999999999998 1.2394327153383757 0.7204267042322261 0.13418743234800795 -0.2886260152863601 -0.6161770201239732 0 0 0 0 0 0
1 0.4 0.22499999999999998 0.22499999999999998 1.2394327153383757 0.5897983687040758 0.6779942580903481 -0.43026168418292404 0.0856536829015745 0 0 0 0 0 0
2 0.8 -0.22499999999999998 -0.22499999999999998 1.2394327153383757 0.7950013654364139 -0.25540481146400457 0.27091736973080954 -0.47889977032090303 0 0 0 0 0 0
3 0.8 -0.075 -0.22499999999999998 1.2394327153383757 0.7575262485169538 -0.09961042752684016 -0.3324702332485776 0.5528971780895493 0 0 0 0 0 0
4 0.8 0.075 -0.22499999999999998 1.2394327153383757 -0.2789720946595821 -0.006782832204071676 0.7106100352429101 0.6458807485911054 0 0 0 0 0 0
5 0.8 0.22499999999999998 -0.22499999999999998 1.2394327153383757 -0.6751473515757385 -0.318845837883277 0.46500940031477217 -0.4756885987110405 0 0 0 0 0 0
0 0.8 -0.22499999999999998 -0.075 1.2394327153383757 -0.30565232104399953 -0.3040703466876478 -0.7220064891094039 0.5411326201492401 0 0 0 0 0 0
1 0.8 -0.075 -0.075 1.2394327153383757 -0.3046927376215284 0.8730107259290475 -0.37581050327243365 -0.06149043570878557 0 0 0 0 0 0
2 0.8 0.075 -0.075 1.2394327153383757 -0.692993950298763 0.05709014674120052 0.5664647428255283 -0.4422870053822427 0 0 0 0 0 0
3 0.8 0.22499999999999998 -0.075 1.2394327153383757 0.09562956253622382 0.2243337471567597 0.620641970049104 0.745206616764307 0 0 0 0 0 0
4 0.8 -0.22499999999999998 0.075 1.2394327153383757 0.778234200494689 0.5237810524883935 -0.3029075878093132 -0.16808310885418015 0 0 0 0 0 0
5 0.8 -0.075 0.075 1.2394327153383757 0.24221887079597873 -0.3785512630067312 -0.6697919370022437 0.5911071992736275 0 0 0 0 0 0
0 0.8 0.075 0.075 1.2394327153383757 -0.8854923812153069 -0.298624099330033 0.23988362157065493 0.26302611697532796 0 0 0 0 0 0
1 0.8 0.22499999999999998 0.075 1.2394327153383757 0.6030331571256979 -0.10418499186188675 0.4587718089124256 -0.6442242825483784 0 0 0 0 0 0
2 0.8 -0.22499999999999998 0.22499999999999998 1.2394327153383757 0.9457365804327476 0.1494989190867791 -0.22604047082971854 -0.17927102155768812 0 0 0 0 0 0
3 0.8 -0.075 0.22499999999999998 1.2394327153383757 0.514772183055948 0.10260227334909842 -0.0138022155670622 0.8510533895713305 0 0 0 0 0 0
4 0.8 0.075 0.22499999999999998 1.2394327153383757 0.6579153289211753 -0.6149223196493516 -0.3877228104123863 0.19669515259284606 0 0 0 0 0 0
5 0.8 0.22499999999999998 0.22499999999999998 1.2394327153383757 0.9995057517033481 0.000612404378267358 0.017926128377221347 -0.02581726542850644 0 0 0 0 0 0
0 1.2000000000000002 -0.22499999999999998 -0.22499999999999998 1.2394327153383757 0.7952262967671706 -0.5470515076208254 0.08135755399278494 0.24845670316589352 0 0 0 0 0 0
1 1.2000000000000002 -0.075 -0.22499999999999998 1.2394327153383757 -0.6157367235035757 -0.5941397601822799 0.12719363386082091 0.5016851723988898 0 0 0 0 0 0
2 1.2000000000000002 0.075 -0.22499999999999998 1.2394327153383757 0.9719777994596559 -0.048729955058230516 0.22921762925021866 -0.018542580146706136 0 0 0 0 0 0
3 1.2000000000000002 0.22499999999999998 -0.22499999999999998 1.2394327153383757 0.8356971784979744 -0.33679555477565176 0.418144065708083 0.1154751940764767 0 0 0 0 0 0
4 1.2000000000000002 -0.22499999999999998 -0.075 1.2394327153383757 -0.43728400959978175 0.7570218444859999 -0.07420121525792386 -0.47978620402591815 0 0 0 0 0 0
5 1.2000000000000002 -0.075 -0.075 1.2394327153383757 -0.2011645179372906 0.7042413096125033 0.5115248875307953 0.4493543189899605 0 0 0 0 0 0
0 1.2000000000000002 0.075 -0.075 1.2394327153383757 0.1393804770513878 -0.6663393904024103 0.41075421730187667 -0.6065029862942098 0 0 0 0 0 0
1 1.2000000000000002 0.22499999999999998 -0.075 1.2394327153383757 0.4822383495199015 -0.35566340129994894 0.27538512109639623 -0.7517398182262239 0 0 0 0 0 0
2 1.2000000000000002 -0.22499999999999998 0.075 1.2394327153383757 0.4008013084497643 0.8074535510038071 -0.2738644614697104 0.33522429932838194 0 0 0 0 0 0
3 1.2000000000000002 -0.075 0.075 1.2394327153383757 -0.9642081986068313 -0.1390642722301848 0.18664975976919826 -0.12698639732884387 0 0 0 0 0 0
4 1.2000000000000002 0.075 0.075 1.2394327153383757 0.23316940117453244 0.540187595130769 -0.6704658913277037 -0.45200097454418653 0 0 0 0 0 0
5 1.2000000000000002 0.22499999999999998 0.075 1.2394327153383757 -0.8874214414340802 0.04735345435131881 0.4419788610470966 -0.12204721230560021 0 0 0 0 0 0
0 1.2000000000000002 -0.22499999999999998 0.22499999999999998 1.2394327153383757 -0.9163586210906799 -0.026776566545072482 0.07488271175057856 -0.3923805200538437 0 0 0 0 0 0
1 1.2000000000000002 -0.075 0.22499999999999998 1.2394327153383757 -0.9987963237496726 -0.03232422425718915 0.012408097391324157 0.03474316205294944 0 0 0 0 0 0
2 1.2000000000000002 0.075 0.22499999999999998 1.2394327153383757 -0.8979213512535119 0.29084269367393134 0.2107624659123602 -0.2544149316807097 0 0 0 0 0 0
3 1.2000000000000002 0.22499999999999998 0.22499999999999998 1.2394327153383757 0.15888479209135106 0.09381229857026162 0.8075370704679514 -0.5602131338152394 0 0 0 0 0 0
4 1.6 -0.22499999999999998 -0.22499999999999998 1.2394327153383757 -0.25836901323696443 -0.5067039556368798 -0.55734956026228 0.6048619859243426 0 0 0 0 0 0
5 1.6 -0.075 -0.22499999999999998 1.2394327153383757 0.9396305140448907 0.17801245249346395 0.2241269855250596 0.18754508309322973 0 0 0 0 0 0
0 1.6 0.075 -0.22499999999999998 1.2394327153383757 0.5266035138584217 0.09976207812693623 -0.23023460975804835 0.8122365981838773 0 0 0 0 0 0
1 1.6 0.22499999999999998 -0.22499999999999998 1.2394327153383757 0.1020422381954351 -0.10408148226678535 0.7791480086695138 -0.6096579428331483 0 0 0 0 0 0
2 1.6 -0.22499999999999998 -0.075 1.2394327153383757 0.9999357733109414 -0.006844413004289775 -0.004055983332414297 -0.008071695167896418 0 0 0 0 0 0
3 1.6 -0.075 -0.075 1.2394327153383757 -0.7466558641250343 -0.13608125331758344 -0.19987049233673343 0.6197085600153398 0 0 0 0 0 0
4 1.6 0.075 -0.075 1.2394327153383757 -0.6544312106134014 0.032245653790084185 -0.3940361209777146 -0.6445273801411107 0 0 0 0 0 0
5 1.6 0.22499999999999998 -0.075 1.2394327153383757 -0.5670226755986256 0.3273759068996285 -0.5991882146675169 -0.46074264437121 0 0 0 0 0 0
0 1.6 -0.22499999999999998 0.075 1.2394327153383757 0.7438648505691537 0.25510243233929636 -0.47828024913514194 0.3909422417564158 0 0 0 0 0 0
1 1.6 -0.075 0.075 1.2394327153383757 0.05050765848183152 -0.7291199506958552 -0.3751310925786081 -0.5701839504166495 0 0 0 0 0 0
2 1.6 0.075 0.075 1.2394327153383757 -0.9998410829978236 0.013936953049075966 0.00034874499737716795 -0.011110736536062161 0 0 0 0 0 0
3 1.6 0.22499999999999998 0.075 1.2394327153383757 0.8610142061736191 -0.3169923461962074 0.29305980109128615 0.26886119505159545 0 0 0 0 0 0
4 1.6 -0.22499999999999998 0.22499999999999998 1.2394327153383757 0.3463154446117811 -0.5996878640933428 0.020885154700617484 0.7211129514823874 0 0 0 0 0 0
5 1.6 -0.075 0.22499999999999998 1.2394327153383757 -0.04363086504860509 -0.3380443825857818 -0.5553247243101265 -0.7585755028915646 0 0 0 0 0 0
0 1.6 0.075 0.22499999999999998 1.2394327153383757 -0.7742279676619133 -0.29906913600909024 0.06434746500066969 0.5540650771568871 0 0 0 0 0 0
1 1.6 0.22499999999999998 0.22499999999999998 1.2394327153383757 0.6693226950999311 -0.18745708306263054 0.647513795765917 -0.31239855333632544 0 0 0 0 0 0
2 2 -0.22499999999999998 -0.22499999999999998 1.2394327153383757 0.27813106237329493 0.12821868695099536 -0.7646498160226752 0.567021815555763 0 0 0 0 0 0
3 2 -0.075 -0.22499999999999998 1.2394327153383757 -0.9636385035691414 0.028699701042569057 0.18768282180711396 0.1880221263511618 0 0 0 0 0 0
4 2 0.075 -0.22499999999999998 1.2394327153383757 -0.7912889753599339 -0.5211217675246562 -0.2884716491898871 0.138123019440898 0 0 0 0 0 0
5 2 0.22499999999999998 -0.22499999999999998 1.2394327153383757 -0.5313814840193173 0.2647426564095582 0.4167144630542598 0.6883996663276636 0 0 0 0 0 0
0 2 -0.22499999999999998 -0.075 1.2394327153383757 -0.9820243842076757 -0.13852493136345562 -0.12424916906944793 0.03164010426400509 0 0 0 0 0 0
1 2 -0.075 -0.075 1.2394327153383757 -0.03393107928166277 0.08846583735617243 -0.6873228854283986 0.7201456301652002 0 0 0 0 0 0
2 2 0.075 -0.075 1.2394327153383757 -0.556358518668565 -0.7876862125223419 0.07990915776861797 0.2522501849589771 0 0 0 0 0 0
3 2 0.22499999999999998 -0.075 1.2394327153383757 0.019311320162517576 -0.4723876309370527 -0.8432598725652792 -0.2557142670490805 0 0 0 0 0 0
4 2 -0.22499999999999998 0.075 1.2394327153383757 -0.9751826070308187 -0.12776469123624648 -0.13467463174534328 -0.12065575072137458 0 0 0 0 0 0
5 2 -0.075 0.075 1.2394327153383757 0.7617283547285785 0.31811305615615604 -0.5455996975051766 -0.14455091555484206 0 0 0 0 0 0
0 2 0.075 0.075 1.2394327153383757 0.9229746775394909 0.2012913976108716 0.30485473510499445 0.1210913223678656 0 0 0 0 0 0
1 2 0.22499999999999998 0.075 1.2394327153383757 0.6269258128355067 0.25998004784244055 0.5822543546379715 0.44760950216623074 0 0 0 0 0 0
2 2 -0.22499999999999998 0.22499999999999998 1.2394327153383757 0.7430094672991316 0.3628135512508201 -0.46647179555100576 0.31417721510009256 0 0 0 0 0 0
3 2 -0.075 0.22499999999999998 1.2394327153383757 0.7565799337807916 -0.34313918909099206 -0.016694082945382178 -0.5563844069569546 0 0 0 0 0 0
4 2 0.075 0.22499999999999998 1.2394327153383757 -0.5521836588232103 -0.5728793637369777 0.5639221924742008 -0.2211203345873427 0 0 0 0 0 0
5 2 0.22499999999999998 0.22499999999999998 1.2394327153383757 0.8841620990533309 0.21585793854566832 0.2944522506334223 0.2914800251498113 0 0 0 0 0 0
0 2.4000000000000004 -0.22499999999999998 -0.22499999999999998 1.2394327153383757 -0.47505065086303994 -0.04022827302324343 -0.8492803850453204 0.22678490413041563 0 0 0 0 0 0
1 2.4000000000000004 -0.075 -0.22499999999999998 1.2394327153383757 0.017408348267342486 0.3135834264756557 0.3720040201142756 0.8734846266931134 0 0 0 0 0 0
2 2.4000000000000004 0.075 -0.22499999999999998 1.2394327153383757 0.9604747891044221 0.12366270236923493 -0.20539869966210525 -0.14144641994292453 0 0 0 0 0 0
3 2.4000000000000004 0.22499999999999998 -0.22499999999999998 1.2394327153383757 -0.6983504798718427 0.5472892525482951 0.04197120158906819 0.4593685878954561 0 0 0 0 0 0
4 2.4000000000000004 -0.22499999999999998 -0.075 1.2394327153383757 0.5043307977449828 -0.007288335041977746 0.8019932245233055 -0.3200065537406011 0 0 0 0 0 0
5 2.4000000000000004 -0.075 -0.075 1.2394327153383757 0.8257428209550904 -0.009101538703715448 -0.15637724212575224 0.5418598654444691 0 0 0 0 0 0
0 2.4000000000000004 0.075 -0.075 1.2394327153383757 -0.42053785979927644 0.6622988444562279 -0.3780449087568208 0.49151825609069316 0 0 0 0 0 0
1 2.4000000000000004 0.22499999999999998 -0.075 1.2394327153383757 0.25456026712122587 0.4098660589954123 -0.47794227538683304 0.7340163931989503 0 0 0 0 0 0
2 2.4000000000000004 -0.22499999999999998 0.075 1.2394327153383757 0.846207144958965 -0.1129465586714578 -0.35693490351586726 0.3791754440319029 0 0 0 0 0 0
3 2.4000000000000004 -0.075 0.075 1.2394327153383757 -0.08181138410759313 -0.6838446281440363 0.6033858919216605 -0.40198120281780203 0 0 0 0 0 0
4 2.4000000000000004 0.075 0.075 1.2394327153383757 -0.8653138673158112 0.22111805628864675 0.07065434705850741 -0.44423718828551667 0 0 0 0 0 0
5 2.4000000000000004 0.22499999999999998 0.075 1.2394327153383757 -0.9996242596927045 0.017930772654789377 0.020519591798229483 -0.0029619551395412944 0 0 0 0 0 0
0 2.4000000000000004 -0.22499999999999998 0.22499999999999998 1.2394327153383757 0.1703901148214244 -0.5894655885224034 -0.6090698538141736 0.5025250659358794 0 0 0 0 0 0
1 2.4000000000000004 -0.075 0.22499999999999998 1.2394327153383757 0.7775562834806647 -0.46863113313666116 -0.4000425437286074 -0.12552708983295324 0 0 0 0 0 0
2 2.4000000000000004 0.075 0.22499999999999998 1.2394327153383757 -0.48592640236105006 0.6026425249609613 -0.49262573487655875 -0.3975140298586387 0 0 0 0 0 0
3 2.4000000000000004 0.22499999999999998 0.22499999999999998 1.2394327153383757 -0.550277891851344 0.5743781604472002 0.542856508144289 0.26942676575707997 0 0 0 0 0 0
4 2.8000000000000003 -0.22499999999999998 -0.22499999999999998 1.2394327153383757 0.9076857629028917 0.2527984972630896 0.0891609700575883 -0.3228773714946729 0 0 0 0 0 0
5 2.8000000000000003 -0.075 -0.22499999999999998 1.2394327153383757 -0.3949456517612064 -0.8144789880933465 0.20099458181561178 -0.3744904380489862 0 0 0 0 0 0
0 2.8000000000000003 0.075 -0.22499999999999998 1.2394327153383757 0.5041610299556518 0.052999475416142326 -0.13829084171101702 0.850816287208072 0 0 0 0 0 0
1 2.8000000000000003 0.22499999999999998 -0.22499999999999998 1.2394327153383757 -0.8947253802345194 0.26355986850585417 -0.1848477959563165 -0.30957064138490836 0 0 0 0 0 0
2 2.8000000000000003 -0.22499999999999998 -0.075 1.2394327153383757 0.9883263676223216 -0.05060588207897187 -0.007681071338372981 0.14349577312440828 0 0 0 0 0 0
3 2.8000000000000003 -0.075 -0.075 1.2394327153383757 0.3254616094542651 -0.7539183818692471 0.37346511770440227 -0.4315154923164783 0 0 0 0 0 0
4 2.8000000000000003 0.075 -0.075 1.2394327153383757 0.5130674020447732 0.5915647647021139 -0.20062473633050298 0.5886957493427959 0 0 0 0 0 0
5 2.8000000000000003 0.22499999999999998 -0.075 1.2394327153383757 0.9508167982206286 0.285269315493802 -0.07949261921657183 -0.09082817486473727 0 0 0 0 0 0
0 2.8000000000000003 -0.22499999999999998 0.075 1.2394327153383757 -0.6104327012761259 -0.40892745371204114 -0.010004639773289768 0.6782699772187512 0 0 0 0 0 0
1 2.8000000000000003 -0.075 0.075 1.2394327153383757 0.5391629249038784 -0.6954701339674867 0.43857907777226546 0.1824089518328806 0 0 0 0 0 0
2 2.8000000000000003 0.075 0.075 1.2394327153383757 0.06420383803346451 0.46194264644200356 -0.09103658980061817 -0.8798859004992663 0 0 0 0 0 0
3 2.8000000000000003 0.22499999999999998 0.075 1.2394327153383757 -0.17804174738166995 -0.8408934767793895 0.2332400418993911 -0.45475089857406814 0 0 0 0 0 0
4 2.8000000000000003 -0.22499999999999998 0.22499999999999998 1.2394327153383757 0.9922789774782937 0.10209099914572371 0.06683778926392427 0.022193888221105348 0 0 0 0 0 0
5 2.8000000000000003 -0.075 0.22499999999999998 1.2394327153383757 -0.2967783165649113 -0.06465641832309535 -0.8650077083618422 -0.3993793220249646 0 0 0 0 0 0
0 2.8000000000000003 0.075 0.22499999999999998 1.2394327153383757 0.9991495980864437 0.007430871497611063 0.02907392517204776 0.028276662949758415 0 0 0 0 0 0
1 2.8000000000000003 0.22499999999999998 0.22499999999999998 1.2394327153383757 -0.9925182697691222 -0.09063946204470873 0.055579734399377675 0.060023872074770716 0 0 0 0 0 0
